   137.0   0.0000   0.0000   0.0000   0.0000   0.0000   0.0000   0.0000   0.0000   0.0000   0.0000   0.0000   0.0000   0.0000   0.0000   0.0000   0.0000
   138.0   0.0000   0.0000   0.0000   0.0600   0.0000   0.0000   0.0000   0.0000   0.0000   0.0000   0.0000   0.0003   0.0000   0.0000   0.0000   0.0000
   139.0   0.0000   0.0000   0.0000   0.1193   0.0000   0.0000   0.0000   0.0003   0.0000   0.0000   0.0000   0.0006   0.0000   0.0000   0.0000   0.0000
   140.0   0.0000   0.0000   0.0000   0.1782   0.0000   0.0000   0.0000   0.0005   0.0000   0.0000   0.0000   0.0009   0.0000   0.0000   0.0000   0.0000
   141.0   0.0000   0.0000   0.0000   0.2368   0.0000   0.0000   0.0000   0.0006   0.0000   0.0000   0.0000   0.0012   0.0000   0.0000   0.0000   0.0000
   142.0   0.0000   0.0000   0.0000   0.2951   0.0000   0.0000   0.0000   0.0006   0.0000   0.0000   0.0000   0.0015   0.0000   0.0000   0.0000   0.0000
   143.0   0.0000   0.0000   0.0000   0.3530   0.0000   0.0000   0.0000   0.0006   0.0000   0.0000   0.0000   0.0018   0.0000   0.0000   0.0000   0.0000
   144.0   0.0000   0.0000   0.0000   0.3530   0.0000   0.0000   0.0000   0.0006   0.0000   0.0000   0.0000   0.0018   0.0000   0.0000   0.0000   0.0000
   145.0   0.0208   0.0001   0.0000   0.3721   0.0000   0.0000   0.0000   0.0006   0.0000   0.0000   0.0000   0.0018   0.0000   0.0000   0.0000   0.0000
   146.0   0.0440   0.0028   0.0000   0.3956   0.0000   0.0000   0.0000   0.0006   0.0000   0.0000   0.0000   0.0018   0.0000   0.0000   0.0000   0.0000
   147.0   0.0700   0.0085   0.0000   0.4242   0.0000   0.0000   0.0000   0.0006   0.0000   0.0000   0.0000   0.0018   0.0000   0.0000   0.0000   0.0000
   148.0   0.0991   0.0176   0.0000   0.4584   0.0000   0.0000   0.0000   0.0007   0.0000   0.0000   0.0000   0.0018   0.0000   0.0000   0.0000   0.0000
   149.0   0.1279   0.0259   0.0000   0.4916   0.0000   0.0000   0.0000   0.0007   0.0000   0.0000   0.0000   0.0018   0.0000   0.0000   0.0000   0.0000
   150.0   0.1619   0.0404   0.0000   0.5347   0.0000   0.0000   0.0000   0.0007   0.0000   0.0000   0.0000   0.0018   0.0000   0.0000   0.0000   0.0000
   151.0   0.2012   0.0606   0.0000   0.5873   0.0000   0.0000   0.0000   0.0007   0.0000   0.0000   0.0000   0.0018   0.0000   0.0000   0.0000   0.0000
   152.0   0.2130   0.0716   0.0000   0.6070   0.0000   0.0000   0.0000   0.0011   0.0083   0.0028   0.0000   0.0220   0.0000   0.0000   0.0000   0.0000
   153.0   0.2221   0.0808   0.0000   0.6291   0.0000   0.0001   0.0000   0.0015   0.0078   0.0029   0.0000   0.0233   0.0000   0.0007   0.0000   0.0000
   154.0   0.2323   0.0922   0.0000   0.6603   0.0000   0.0002   0.0000   0.0026   0.0089   0.0035   0.0000   0.0237   0.0000   0.0007   0.0000   0.0000
   155.0   0.2438   0.1049   0.0000   0.6925   0.0000   0.0004   0.0000   0.0032   0.0085   0.0037   0.0000   0.0249   0.0000   0.0014   0.0000   0.0000
   156.0   0.2660   0.1287   0.0000   0.7295   0.0000   0.0004   0.0000   0.0032   0.0100   0.0048   0.0000   0.0247   0.0000   0.0014   0.0000   0.0000
   157.0   0.2917   0.1568   0.0000   0.7715   0.0000   0.0004   0.0000   0.0033   0.0102   0.0055   0.0000   0.0259   0.0000   0.0021   0.0000   0.0000
   158.0   0.3186   0.1854   0.0000   0.8142   0.0000   0.0004   0.0000   0.0033   0.0118   0.0068   0.0000   0.0269   0.0000   0.0021   0.0000   0.0000
   159.0   0.3413   0.2076   0.0000   0.8477   0.0000   0.0004   0.0000   0.0036   0.0119   0.0073   0.0000   0.0289   0.0000   0.0028   0.0000   0.0000
   160.0   0.3795   0.2498   0.0000   0.9067   0.0000   0.0004   0.0000   0.0046   0.0138   0.0090   0.0000   0.0283   0.0000   0.0028   0.0000   0.0000
   161.0   0.4195   0.2934   0.0000   0.9711   0.0000   0.0004   0.0000   0.0046   0.0146   0.0103   0.0000   0.0303   0.0000   0.0033   0.0000   0.0000
   162.0   0.4661   0.3444   0.0000   1.0465   0.0000   0.0004   0.0000   0.0047   0.0166   0.0123   0.0000   0.0317   0.0000   0.0033   0.0000   0.0000
   163.0   0.5046   0.3846   0.0000   1.1071   0.0000   0.0004   0.0000   0.0047   0.0175   0.0134   0.0000   0.0349   0.0000   0.0037   0.0000   0.0000
   164.0   0.5555   0.4406   0.0000   1.1876   0.0000   0.0004   0.0000   0.0047   0.0195   0.0154   0.0000   0.0356   0.0000   0.0037   0.0000   0.0000
   165.0   0.5973   0.4869   0.0000   1.2551   0.0000   0.0004   0.0000   0.0048   0.0207   0.0169   0.0000   0.0388   0.0000   0.0037   0.0000   0.0000
   166.0   0.6429   0.5371   0.0000   1.3265   0.0000   0.0004   0.0000   0.0049   0.0222   0.0185   0.0000   0.0406   0.0000   0.0037   0.0000   0.0000
   167.0   0.6935   0.5924   0.0000   1.4053   0.0000   0.0004   0.0000   0.0050   0.0237   0.0203   0.0000   0.0424   0.0000   0.0037   0.0000   0.0000
   168.0   0.7463   0.6507   0.0000   1.4881   0.0000   0.0004   0.0000   0.0053   0.0253   0.0221   0.0000   0.0446   0.0000   0.0037   0.0000   0.0000
   169.0   0.8087   0.7197   0.0000   1.5860   0.0000   0.0004   0.0000   0.0055   0.0272   0.0242   0.0000   0.0465   0.0000   0.0037   0.0000   0.0000
   170.0   0.8701   0.7863   0.0000   1.6824   0.0000   0.0004   0.0000   0.0055   0.0291   0.0263   0.0000   0.0495   0.0000   0.0037   0.0000   0.0000
   171.0   0.9340   0.8540   0.0000   1.7807   0.0000   0.0004   0.0000   0.0055   0.0310   0.0283   0.0000   0.0523   0.0000   0.0037   0.0000   0.0000
   172.0   1.0202   0.9495   0.0000   1.9158   0.0000   0.0004   0.0000   0.0055   0.0336   0.0312   0.0000   0.0535   0.0000   0.0037   0.0000   0.0000
   173.0   1.0920   1.0249   0.0000   2.0278   0.0000   0.0004   0.0000   0.0056   0.0357   0.0335   0.0000   0.0587   0.0000   0.0037   0.0000   0.0000
   174.0   1.1457   1.0781   0.0000   2.1072   0.0000   0.0004   0.0000   0.0056   0.0371   0.0349   0.0000   0.0633   0.0000   0.0037   0.0000   0.0000
   175.0   1.2515   1.2045   0.0000   2.2753   0.0000   0.0004   0.0000   0.0056   0.0403   0.0387   0.0000   0.0614   0.0000   0.0037   0.0000   0.0000
   176.0   1.3420   1.3158   0.0000   2.4296   0.0000   0.0004   0.0000   0.0056   0.0429   0.0420   0.0000   0.0673   0.0000   0.0037   0.0000   0.0000
   177.0   1.4627   1.4770   0.0000   2.6411   0.0000   0.0004   0.0000   0.0056   0.0464   0.0468   0.0000   0.0693   0.0000   0.0037   0.0000   0.0000
   178.0   1.5711   1.6276   0.0000   2.8402   0.0000   0.0004   0.0000   0.0056   0.0494   0.0512   0.0000   0.0762   0.0000   0.0037   0.0000   0.0000
   179.0   1.6904   1.8043   0.0000   3.0640   0.0000   0.0004   0.0000   0.0056   0.0528   0.0563   0.0000   0.0808   0.0000   0.0037   0.0000   0.0000
   180.0   1.8115   1.9955   0.0000   3.3011   0.0000   0.0004   0.0000   0.0056   0.0561   0.0618   0.0000   0.0868   0.0000   0.0037   0.0000   0.0000
   181.0   1.9341   2.2030   0.0000   3.5511   0.0000   0.0004   0.0000   0.0056   0.0595   0.0677   0.0000   0.0930   0.0000   0.0037   0.0000   0.0000
   182.0   2.0471   2.4061   0.0000   3.7899   0.0000   0.0004   0.0000   0.0056   0.0625   0.0734   0.0000   0.1005   0.0000   0.0037   0.0000   0.0000
   183.0   2.1545   2.6115   0.0000   4.0236   0.0000   0.0004   0.0000   0.0056   0.0653   0.0791   0.0000   0.1072   0.0000   0.0037   0.0000   0.0000
   184.0   2.2170   2.7302   0.0000   4.1581   0.0000   0.0004   0.0000   0.0056   0.0667   0.0821   0.0000   0.1175   0.0000   0.0037   0.0000   0.0000
   185.0   2.3057   2.9314   0.0000   4.3656   0.0000   0.0004   0.0000   0.0057   0.0688   0.0875   0.0000   0.1175   0.0000   0.0037   0.0000   0.0000
   186.0   2.3774   3.1115   0.0000   4.5499   0.0000   0.0004   0.0000   0.0057   0.0704   0.0922   0.0000   0.1240   0.0000   0.0037   0.0000   0.0000
   187.0   2.4524   3.3220   0.0000   4.7564   0.0000   0.0004   0.0000   0.0058   0.0721   0.0976   0.0000   0.1276   0.0000   0.0037   0.0000   0.0000
   188.0   2.5250   3.5521   0.0000   4.9763   0.0000   0.0004   0.0000   0.0060   0.0736   0.1036   0.0000   0.1323   0.0000   0.0037   0.0000   0.0000
   189.0   2.5825   3.7492   0.0000   5.1615   0.0000   0.0004   0.0000   0.0060   0.0747   0.1085   0.0000   0.1391   0.0000   0.0037   0.0000   0.0000
   190.0   2.6476   4.0219   0.0303   5.4044   0.0000   0.0004   0.0000   0.0060   0.0761   0.1155   0.0015   0.1395   0.0000   0.0037   0.0000   0.0000
   191.0   2.7137   4.3593   0.0668   5.6992   0.0000   0.0004   0.0000   0.0061   0.0774   0.1243   0.0033   0.1427   0.0000   0.0037   0.0000   0.0000
   192.0   2.7575   4.6394   0.0961   5.9381   0.0000   0.0004   0.0000   0.0061   0.0781   0.1313   0.0048   0.1519   0.0000   0.0037   0.0000   0.0000
   193.0   2.7855   4.8698   0.1194   6.1253   0.0000   0.0004   0.0000   0.0061   0.0783   0.1368   0.0060   0.1592   0.0000   0.0037   0.0000   0.0000
   194.0   2.8042   5.0997   0.1417   6.3031   0.0000   0.0004   0.0000   0.0061   0.0783   0.1422   0.0071   0.1629   0.0000   0.0037   0.0000   0.0000
   195.0   2.8154   5.3810   0.1678   6.5115   0.0000   0.0004   0.0000   0.0061   0.0783   0.1489   0.0084   0.1645   0.0000   0.0037   0.0000   0.0000
   196.0   2.8171   5.7352   0.1997   6.7666   0.0000   0.0004   0.0000   0.0061   0.0783   0.1576   0.0100   0.1659   0.0000   0.0037   0.0000   0.0000
   197.0   2.8185   6.0290   0.2262   6.9798   0.0000   0.0004   0.0000   0.0061   0.0783   0.1644   0.0113   0.1724   0.0000   0.0037   0.0000   0.0000
   198.0   2.8202   6.3935   0.2590   7.2415   0.0000   0.0004   0.0000   0.0061   0.0783   0.1731   0.0130   0.1736   0.0000   0.0037   0.0000   0.0000
   199.0   2.8218   6.7330   0.2586   7.4873   0.0311   0.0004   0.0000   0.0062   0.0783   0.1809   0.0129   0.1788   0.0016   0.0037   0.0000   0.0000
   200.0   2.8218   7.1992   0.2520   7.4886   0.0482   0.0004   0.0139   0.0062   0.0783   0.1920   0.0126   0.1797   0.0028   0.0037   0.0003   0.0000
   201.0   2.8218   7.6358   0.2447   7.4898   0.0645   0.0004   0.0279   0.0062   0.0783   0.2021   0.0122   0.1780   0.0040   0.0037   0.0006   0.0000
   202.0   2.8218   8.1092   0.2402   7.4911   0.0799   0.0004   0.0418   0.0062   0.0783   0.2142   0.0120   0.1734   0.0051   0.0037   0.0010   0.0000
   203.0   2.8218   8.6097   0.2376   7.4925   0.0947   0.0004   0.0558   0.0062   0.0783   0.2269   0.0119   0.1714   0.0062   0.0037   0.0013   0.0000
   204.0   2.8218   9.1137   0.2356   7.4939   0.1093   0.0004   0.0697   0.0062   0.0783   0.2397   0.0118   0.1702   0.0073   0.0037   0.0017   0.0000
   205.0   2.8218   9.5566   0.2305   7.4951   0.1236   0.0004   0.0837   0.0062   0.0783   0.2508   0.0115   0.1708   0.0083   0.0037   0.0020   0.0000
   206.0   2.8218  10.0822   0.2305   7.4965   0.1373   0.0004   0.0976   0.0062   0.0783   0.2640   0.0115   0.1673   0.0093   0.0037   0.0024   0.0000
   207.0   2.8218  10.6092   0.2305   7.4980   0.1511   0.0004   0.1116   0.0062   0.0783   0.2771   0.0115   0.1661   0.0103   0.0037   0.0028   0.0000
   208.0   2.8218  11.0550   0.2262   7.4992   0.1648   0.0004   0.1255   0.0062   0.0783   0.2881   0.0113   0.1673   0.0113   0.0037   0.0032   0.0000
   209.0   2.8166  11.0364   0.7889   7.5004   0.1780   0.0257   0.1395   0.0065   0.0781   0.2876   0.0394   0.1489   0.0123   0.0043   0.0036   0.0000
   210.0   2.8064  10.9979   1.2534   7.5013   0.2587   0.0760   0.1534   0.0071   0.0778   0.2866   0.0627   0.1352   0.0167   0.0055   0.0040   0.0000
   211.0   2.7912  10.9399   1.7700   7.5019   0.3951   0.1509   0.1674   0.0083   0.0774   0.2850   0.0885   0.1152   0.0238   0.0072   0.0043   0.0000
   212.0   2.7712  10.8633   2.2186   7.5023   0.5936   0.2493   0.1813   0.0096   0.0768   0.2830   0.1109   0.0983   0.0341   0.0096   0.0046   0.0000
   213.0   2.7465  10.7683   2.6287   7.5030   0.8459   0.3707   0.1953   0.0107   0.0762   0.2805   0.1314   0.0804   0.0471   0.0124   0.0050   0.0000
   214.0   2.7172  10.6553   2.9652   7.5030   1.1474   0.5147   0.2092   0.0124   0.0731   0.2703   0.1483   0.0734   0.0625   0.0158   0.0053   0.0000
   215.0   2.6836  10.5240   2.8848   7.5022   1.4892   0.6804   0.2232   0.0139   0.0722   0.2683   0.1442   0.0738   0.0800   0.0196   0.0056   0.0001
   216.0   2.6455  10.3769   3.4617   7.5031   1.8215   0.8680   0.2371   0.0155   0.0614   0.2341   0.1731   0.0734   0.0970   0.0240   0.0059   0.0001
   217.0   2.6033  10.2151   4.4232   7.5036   2.2229   1.0757   0.2511   0.0186   0.0495   0.1960   0.2212   0.0734   0.1175   0.0282   0.0062   0.0001
   218.0   2.5720  10.0958   5.2629   7.5027   2.7398   1.2299   0.2650   0.0231   0.0407   0.1680   0.2631   0.0734   0.1438   0.0308   0.0065   0.0001
   219.0   2.5380   9.9659   5.8843   7.4999   3.3574   1.3970   0.2790   0.0291   0.0332   0.1442   0.2942   0.0733   0.1750   0.0333   0.0068   0.0001
   220.0   2.5016   9.8228   5.1782   7.4911   4.0495   1.5765   0.2929   0.0379   0.0395   0.1657   0.2589   0.0735   0.2101   0.0356   0.0071   0.0002
   221.0   2.4628   9.6704   4.5568   7.4806   4.6570   1.7678   0.3068   0.0485   0.0389   0.1631   0.2278   0.0738   0.2408   0.0385   0.0073   0.0002
   222.0   2.4216   9.5089   4.0100   7.4777   5.1898   1.9704   0.3208   0.0514   0.0383   0.1604   0.2005   0.0741   0.2679   0.0415   0.0076   0.0002
   223.0   2.3784   9.3391   3.5288   7.4755   5.6571   2.1835   0.3347   0.0536   0.0376   0.1576   0.1764   0.0744   0.2917   0.0448   0.0079   0.0002
   224.0   2.3332   9.1617   3.1053   7.4692   6.0666   2.4060   0.3487   0.0599   0.0369   0.1546   0.1553   0.0747   0.3126   0.0481   0.0082   0.0002
   225.0   2.2863   8.9776   2.7327   7.4655   6.4253   2.6370   0.3626   0.0636   0.0361   0.1515   0.1366   0.0751   0.3309   0.0516   0.0085   0.0003
   226.0   2.2379   8.7874   2.4048   7.4628   6.7393   2.8756   0.3766   0.0662   0.0353   0.1482   0.1202   0.0755   0.3470   0.0552   0.0088   0.0003
   227.0   2.1881   8.5917   2.1162   7.4594   7.0139   3.1212   0.3905   0.0697   0.0346   0.1449   0.1058   0.0758   0.3611   0.0589   0.0091   0.0003
   228.0   2.1370   8.3911   1.8623   7.4541   7.2539   3.3729   0.4045   0.0749   0.0338   0.1416   0.0931   0.0762   0.3736   0.0627   0.0094   0.0003
   229.0   2.0848   8.1864   1.6388   7.4490   7.4634   3.6297   0.4184   0.0801   0.0329   0.1381   0.0819   0.0766   0.3844   0.0665   0.0097   0.0003
   230.0   2.0318   7.9783   1.4421   7.4458   7.6461   3.8908   0.4324   0.0833   0.0321   0.1346   0.0721   0.0770   0.3940   0.0704   0.0099   0.0003
   231.0   1.9781   7.7674   1.2691   7.4371   7.8052   4.1554   0.4463   0.0920   0.0312   0.1310   0.0635   0.0774   0.4024   0.0744   0.0102   0.0004
   232.0   1.9238   7.5542   1.1168   7.4239   7.9436   4.4229   0.4603   0.1052   0.0304   0.1274   0.0558   0.0778   0.4097   0.0785   0.0105   0.0004
   233.0   1.8679   7.3345   0.9828   7.4063   8.0636   4.6985   0.4742   0.1228   0.0295   0.1237   0.0491   0.0781   0.4161   0.0826   0.0108   0.0005
   234.0   1.8087   7.1023   0.8648   7.3836   8.1676   4.9899   0.4882   0.1455   0.0286   0.1198   0.0432   0.0785   0.4217   0.0870   0.0111   0.0006
   235.0   1.7467   6.8586   0.7611   7.3520   8.2575   5.2956   0.5021   0.1771   0.0276   0.1157   0.0381   0.0789   0.4266   0.0916   0.0114   0.0007
   236.0   1.6821   6.6050   0.6697   7.3093   8.3348   5.6138   0.5161   0.2198   0.0266   0.1114   0.0335   0.0792   0.4309   0.0964   0.0117   0.0009
   237.0   1.6153   6.3428   0.5894   7.2912   8.4013   5.9428   0.5300   0.2379   0.0255   0.1070   0.0295   0.0796   0.4346   0.1013   0.0120   0.0010
   238.0   1.5467   6.0732   0.5186   7.2709   8.4580   6.2811   0.5440   0.2582   0.0244   0.1025   0.0259   0.0801   0.4379   0.1064   0.0122   0.0011
   239.0   1.4765   5.7977   0.4564   7.2377   8.5063   6.6267   0.5579   0.2914   0.0233   0.0978   0.0228   0.0805   0.4407   0.1116   0.0125   0.0013
   240.0   1.4052   5.5178   0.4016   7.1976   8.5471   6.9779   0.5719   0.3315   0.0222   0.0931   0.0201   0.0809   0.4431   0.1169   0.0128   0.0014
   241.0   1.3332   5.2350   0.3534   7.1513   8.5814   7.3327   0.5858   0.3778   0.0211   0.0883   0.0177   0.0812   0.4453   0.1222   0.0131   0.0017
   242.0   1.2609   4.9510   0.3110   7.1154   8.6099   7.6891   0.5997   0.4137   0.0199   0.0835   0.0156   0.0816   0.4471   0.1276   0.0134   0.0018
   243.0   1.1886   4.6672   0.2737   7.0699   8.6332   8.0451   0.6137   0.4592   0.0188   0.0787   0.0137   0.0820   0.4487   0.1330   0.0137   0.0020
   244.0   1.1169   4.3855   0.2409   7.0582   8.6521   8.3986   0.6276   0.4709   0.0176   0.0740   0.0120   0.0825   0.4500   0.1383   0.0140   0.0021
   245.0   1.0460   4.1073   0.2120   7.0488   8.6671   8.7477   0.6416   0.4803   0.0165   0.0693   0.0106   0.0830   0.4512   0.1435   0.0143   0.0021
   246.0   0.9764   3.8340   0.1865   7.0443   8.6786   9.0906   0.6555   0.4848   0.0154   0.0647   0.0093   0.0835   0.4521   0.1487   0.0146   0.0022
   247.0   0.9084   3.5670   0.1641   7.0374   8.6870   9.4255   0.6695   0.4917   0.0143   0.0602   0.0082   0.0840   0.4530   0.1537   0.0148   0.0022
   248.0   0.8424   3.3077   0.1444   7.0346   8.6928   9.7509   0.6834   0.4944   0.0133   0.0558   0.0072   0.0845   0.4537   0.1586   0.0151   0.0022
   249.0   0.7785   3.0570   0.1271   7.0295   8.6961  10.0653   0.6974   0.4996   0.0123   0.0516   0.0064   0.0850   0.4542   0.1634   0.0154   0.0022
   250.0   0.7172   2.8161   0.1119   7.0176   8.6974  10.3677   0.7113   0.5115   0.0113   0.0475   0.0056   0.0854   0.4547   0.1679   0.0157   0.0023
   251.0   0.6585   2.5856   0.0984   6.9994   8.6969  10.6568   0.7253   0.5297   0.0104   0.0436   0.0049   0.0858   0.4551   0.1723   0.0160   0.0024
   252.0   0.6026   2.3664   0.0866   6.9750   8.6948  10.9319   0.7392   0.5541   0.0095   0.0399   0.0043   0.0861   0.4554   0.1764   0.0163   0.0025
   253.0   0.5498   2.1588   0.0762   6.9451   8.6912  11.1923   0.7532   0.5840   0.0087   0.0364   0.0038   0.0864   0.4556   0.1803   0.0166   0.0027
   254.0   0.5000   1.9633   0.0671   6.9093   8.6864  11.4377   0.7671   0.6198   0.0079   0.0331   0.0034   0.0866   0.4558   0.1840   0.0169   0.0028
   255.0   0.4533   1.7799   0.0590   6.8686   8.6805  11.6677   0.7811   0.6605   0.0072   0.0300   0.0030   0.0868   0.4559   0.1875   0.0172   0.0031
   256.0   0.4097   1.6088   0.0519   6.8222   8.6737  11.8824   0.7950   0.7069   0.0065   0.0271   0.0026   0.0869   0.4560   0.1907   0.0175   0.0033
   257.0   0.3687   1.4479   0.0457   6.7701   8.6660  12.0843   0.8090   0.7590   0.0058   0.0244   0.0023   0.0869   0.4560   0.1938   0.0178   0.0036
   258.0   0.3319   1.3031   0.0402   6.7557   8.6575  12.2659   0.8229   0.7734   0.0052   0.0220   0.0020   0.0871   0.4560   0.1965   0.0181   0.0037
   259.0   0.2987   1.1728   0.0354   6.7391   8.6484  12.4294   0.8369   0.7900   0.0047   0.0198   0.0018   0.0873   0.4559   0.1989   0.0184   0.0037
   260.0   0.2688   1.0555   0.0312   6.7137   8.6387  12.5766   0.8508   0.8154   0.0042   0.0178   0.0016   0.0874   0.4558   0.2012   0.0187   0.0039
   261.0   0.2419   0.9500   0.0274   6.6817   8.6285  12.7090   0.8648   0.8474   0.0038   0.0160   0.0014   0.0874   0.4557   0.2032   0.0189   0.0041
   262.0   0.2177   0.8550   0.0241   6.6442   8.6178  12.8282   0.8787   0.8849   0.0034   0.0144   0.0012   0.0874   0.4556   0.2049   0.0192   0.0043
   263.0   0.1960   0.7695   0.0212   6.6032   8.6068  12.9355   0.8926   0.9259   0.0031   0.0130   0.0011   0.0874   0.4554   0.2066   0.0195   0.0045
   264.0   0.1764   0.6925   0.0187   6.5888   8.5954  13.0320   0.9066   0.9403   0.0028   0.0117   0.0009   0.0874   0.4553   0.2080   0.0198   0.0046
   265.0   0.1587   0.6233   0.0164   6.5775   8.5836  13.1189   0.9205   0.9516   0.0025   0.0105   0.0008   0.0875   0.4551   0.2093   0.0201   0.0046
   266.0   0.1429   0.5610   0.0145   6.5696   8.5717  13.1971   0.9345   0.9595   0.0023   0.0095   0.0007   0.0876   0.4549   0.2105   0.0204   0.0047
   267.0   0.1286   0.5049   0.0127   6.5637   8.5595  13.2675   0.9484   0.9654   0.0020   0.0085   0.0006   0.0877   0.4547   0.2116   0.0207   0.0047
   268.0   0.1157   0.4544   0.0112   6.5588   8.5470  13.3308   0.9624   0.9703   0.0018   0.0077   0.0006   0.0878   0.4545   0.2125   0.0210   0.0047
   269.0   0.1041   0.4089   0.0099   6.5555   8.5344  13.3878   0.9763   0.9735   0.0016   0.0069   0.0005   0.0878   0.4542   0.2134   0.0213   0.0047
   270.0   0.0937   0.3680   0.0087   6.5529   8.5217  13.4392   0.9903   0.9762   0.0015   0.0062   0.0004   0.0879   0.4540   0.2141   0.0216   0.0048
   271.0   0.0844   0.3312   0.0076   6.5471   8.5088  13.4853   1.0042   0.9820   0.0013   0.0056   0.0004   0.0879   0.4537   0.2148   0.0219   0.0048
   272.0   0.0759   0.2981   0.0067   6.5375   8.4957  13.5269   1.0182   0.9916   0.0012   0.0050   0.0003   0.0879   0.4535   0.2155   0.0222   0.0049
   273.0   0.0683   0.2683   0.0059   6.5241   8.4826  13.5643   1.0321   1.0050   0.0011   0.0045   0.0003   0.0879   0.4532   0.2160   0.0225   0.0049
   274.0   0.0615   0.2415   0.0052   6.5086   8.4694  13.5980   1.0461   1.0204   0.0010   0.0041   0.0003   0.0879   0.4530   0.2165   0.0228   0.0050
   275.0   0.0553   0.2173   0.0046   6.5007   8.4560  13.6283   1.0600   1.0284   0.0009   0.0037   0.0002   0.0879   0.4527   0.2170   0.0231   0.0051
   276.0   0.0498   0.1956   0.0040   6.4926   8.4426  13.6555   1.0740   1.0365   0.0008   0.0033   0.0002   0.0879   0.4524   0.2174   0.0234   0.0051
   277.0   0.0448   0.1760   0.0035   6.4868   8.4292  13.6801   1.0879   1.0422   0.0007   0.0030   0.0002   0.0879   0.4522   0.2178   0.0237   0.0051
   278.0   0.0403   0.1584   0.0031   6.4825   8.4156  13.7022   1.1019   1.0466   0.0006   0.0027   0.0002   0.0879   0.4519   0.2181   0.0240   0.0052
   279.0   0.0363   0.1426   0.0027   6.4793   8.4021  13.7220   1.1158   1.0498   0.0006   0.0024   0.0001   0.0879   0.4516   0.2184   0.0243   0.0052
