   1        0.000        0.000        0.000       31.038
   2        0.000        6.470        0.000       37.655
   3        0.005        8.021        0.027       41.130
   4        0.010        7.963        0.059       43.350
   5        0.017        8.086        0.094       44.845
   6        0.017        6.026        0.133       45.665
   7        0.027        7.837        0.172       46.117
   8        0.037        7.885        0.218       46.370
   9        0.022        3.822        0.271       46.499
  10        0.021        5.000        0.287       46.558
  11        0.027        7.929        0.300       46.591
  12        0.030        7.683        0.313       46.608
  13        0.044        6.488        0.329       46.618
  14        0.051        7.325        0.359       46.624
  15        0.051        6.227        0.393       46.627
  16        0.040        4.374        0.430       46.628
  17        0.069        7.501        0.460       46.629
  18        0.076        7.040        0.512       46.630
  19        0.087        7.160        0.566       46.630
  20        0.073        5.496        0.628       46.630
  21        0.098        7.205        0.680       46.630
  22        0.089        7.418        0.749       46.630
  23        0.095        7.126        0.805       46.630
  24        0.103        6.780        0.867       46.630
  25        0.110        7.112        0.935       46.630
  26        0.126        7.161        1.006       46.630
  27        0.125        6.264        1.091       46.630
  28        0.125        5.396        1.173       46.630
  29        0.169        7.024        1.259       46.630
  30        0.140        4.941        1.376       46.630
  31        0.098        3.109        1.472       46.630
  32        0.203        6.210        1.545       46.630
  33        0.187        5.307        1.688       46.630
  34        0.250        6.545        1.810       46.630
  35        0.236        5.663        1.972       46.630
  36        0.265        5.883        2.119       46.630
  37        0.283        5.903        2.280       46.630
  38        0.303        5.967        2.443       46.630
  39        0.294        5.424        2.608       46.630
  40        0.285        4.844        2.761       46.630
  41        0.175        2.805        2.905       46.630
  42        0.283        4.818        2.990       46.630
  43        0.268        4.841        3.109       46.630
  44        0.292        4.874        3.206       46.630
  45        0.306        4.860        3.307       46.630
  46        0.230        3.192        3.405       46.630
  47        0.329        4.442        3.482       46.630
  48        0.383        5.004        3.570       46.630
  49        0.344        4.716        3.659       46.630
  50        0.274        3.481        3.718       46.630
  51        0.261        3.259        3.756       46.630
  52        0.287        3.540        3.781       46.630
  53        0.357        4.415        3.796       46.630
  54        0.314        3.932        3.799       46.630
  55        0.383        4.879        3.801       46.630
  56        0.362        4.560        3.803       46.630
  57        0.313        4.010        3.805       46.630
  58        0.290        3.621        3.805       46.630
  59        0.303        3.748        3.805       46.630
  60        0.325        4.062        3.805       46.630
  61        0.339        4.310        3.805       46.630
  62        0.297        3.677        3.805       46.630
  63        0.337        4.159        3.805       46.630
  64        0.307        3.806        3.805       46.630
  65        0.284        3.476        3.805       46.630
  66        0.350        3.923        3.805       42.631
  67        0.354        3.709        3.798       39.086
  68        0.409        3.988        3.784       35.878
  69        0.422        3.954        3.764       33.073
  70        0.431        3.786        3.737       30.520
  71        0.414        3.331        3.704       28.143
  72        0.247        1.920        3.664       26.006
  73        0.524        3.538        3.619       23.894
  74        0.682        4.356        3.567       22.050
  75        0.699        4.059        3.510       20.340
  76        0.668        3.659        3.468       18.780
  77        0.000        0.000        3.422       17.352
  78        0.000        0.000        3.373       15.984
  79        0.000        0.000        3.321       14.693
  80        0.000        0.000        3.266       13.513
  81        0.000        0.000        3.207       12.437
  82        0.000        0.000        3.146       11.496
  83        0.000        0.000        3.083       10.620
  84        0.000        0.000        3.018        9.788
  85        0.000        0.000        2.951        9.023
  86        0.000        0.000        2.882        8.345
  87        0.000        0.000        2.811        7.737
  88        0.000        0.000        2.740        7.180
  89        0.000        0.000        2.667        6.628
  90        0.000        0.000        2.594        6.119
  91        0.000        0.000        2.519        5.653
  92        0.000        0.000        2.439        5.235
  93        0.000        0.000        2.355        4.872
  94        0.000        0.000        2.268        4.538
  95        0.000        0.000        2.178        4.215
  96        0.000        0.000        2.086        3.930
  97        0.000        0.000        1.991        3.636
  98        0.000        0.000        1.895        3.367
  99        0.000        0.000        1.798        3.117
 100        0.000        0.000        1.700        2.888
 101        0.000        0.000        1.603        2.683
 102        0.000        0.000        1.506        2.497
 103        0.000        0.000        1.411        2.313
 104        0.000        0.000        1.317        2.153
 105        0.000        0.000        1.225        1.999
 106        0.000        0.000        1.136        1.853
 107        0.000        0.000        1.050        1.718
 108        0.000        0.000        0.967        1.597
 109        0.000        0.000        0.888        1.487
 110        0.000        0.000        0.813        1.385
 111        0.000        0.000        0.741        1.289
 112        0.000        0.000        0.674        1.203
 113        0.000        0.000        0.611        1.124
 114        0.000        0.000        0.552        1.051
 115        0.000        0.000        0.497        0.983
 116        0.000        0.000        0.448        0.913
 117        0.000        0.000        0.403        0.847
 118        0.000        0.000        0.362        0.786
 119        0.000        0.000        0.326        0.731
 120        0.000        0.000        0.294        0.679
 121        0.000        0.000        0.264        0.632
 122        0.000        0.000        0.238        0.588
 123        0.000        0.000        0.214        0.550
 124        0.000        0.000        0.193        0.512
 125        0.000        0.000        0.173        0.476
 126        0.000        0.000        0.156        0.445
 127        0.000        0.000        0.140        0.416
 128        0.000        0.000        0.126        0.390
 129        0.000        0.000        0.114        0.363
 130        0.000        0.000        0.102        0.338
 131        0.000        0.000        0.092        0.315
 132        0.000        0.000        0.083        0.295
 133        0.000        0.000        0.075        0.276
 134        0.000        0.000        0.067        0.258
 135        0.000        0.000        0.060        0.240
 136        0.000        0.000        0.054        0.223
