   137.0   0.00       0.00       0.00       0.00       0.00    
   138.0   0.00       0.00       0.00      0.500       0.00    
   139.0   0.00       0.00       0.00      0.501       0.00    
   140.0   0.00       0.00       0.00      0.501       0.00    
   141.0   0.00       0.00       0.00      0.501       0.00    
   142.0   0.00       0.00       0.00      0.500       0.00    
   143.0   0.00       0.00       0.00      0.500       0.00    
   144.0   3.50       3.00       0.00      0.500       0.00    
   145.0  0.168E-02  0.284E-01   0.00      0.475       0.00    
   146.0  0.795E-03  0.106E-02   0.00      0.446       0.00    
   147.0  0.500E-03  0.352E-03   0.00      0.416       0.00    
   148.0  0.353E-03  0.170E-03   0.00      0.385       0.00    
   149.0  0.274E-03  0.116E-03   0.00      0.359       0.00    
   150.0  0.216E-03  0.743E-04   0.00      0.330       0.00    
   151.0  0.174E-03  0.495E-04   0.00      0.301       0.00    
   152.0   3.88       3.88       0.00       3.62       0.00    
   153.0   3.51       3.54       0.00       3.70       0.00    
   154.0   3.83       3.81       0.00       3.59       0.00    
   155.0   3.49       3.53       0.00       3.60       0.00    
   156.0   3.77       3.74       0.00       3.39       0.00    
   157.0   3.49       3.54       0.00       3.36       0.00    
   158.0   3.70       3.67       0.00       3.30       0.00    
   159.0   3.48       3.51       0.00       3.41       0.00    
   160.0   3.63       3.62       0.00       3.12       0.00    
   161.0   3.48       3.50       0.00       3.12       0.00    
   162.0   3.56       3.56       0.00       3.03       0.00    
   163.0   3.47       3.47       0.00       3.15       0.00    
   164.0   3.50       3.50       0.00       2.99       0.00    
   165.0   3.47       3.47       0.00       3.09       0.00    
   166.0   3.45       3.45       0.00       3.06       0.00    
   167.0   3.42       3.42       0.00       3.02       0.00    
   168.0   3.39       3.39       0.00       3.00       0.00    
   169.0   3.37       3.37       0.00       2.93       0.00    
   170.0   3.34       3.34       0.00       2.94       0.00    
   171.0   3.32       3.32       0.00       2.94       0.00    
   172.0   3.29       3.29       0.00       2.79       0.00    
   173.0   3.27       3.27       0.00       2.90       0.00    
   174.0   3.24       3.24       0.00       3.00       0.00    
   175.0   3.22       3.22       0.00       2.70       0.00    
   176.0   3.19       3.19       0.00       2.77       0.00    
   177.0   3.17       3.17       0.00       2.62       0.00    
   178.0   3.15       3.15       0.00       2.68       0.00    
   179.0   3.12       3.12       0.00       2.64       0.00    
   180.0   3.10       3.10       0.00       2.63       0.00    
   181.0   3.08       3.08       0.00       2.62       0.00    
   182.0   3.05       3.05       0.00       2.65       0.00    
   183.0   3.03       3.03       0.00       2.66       0.00    
   184.0   3.01       3.01       0.00       2.83       0.00    
   185.0   2.98       2.98       0.00       2.69       0.00    
   186.0   2.96       2.96       0.00       2.73       0.00    
   187.0   2.94       2.94       0.00       2.68       0.00    
   188.0   2.92       2.92       0.00       2.66       0.00    
   189.0   2.89       2.89       0.00       2.70       0.00    
   190.0   2.87       2.87       5.00       2.58       0.00    
   191.0   2.85       2.85       5.00       2.50       0.00    
   192.0   2.83       2.83       5.00       2.56       0.00    
   193.0   2.81       2.81       5.00       2.60       0.00    
   194.0   2.79       2.79       5.00       2.59       0.00    
   195.0   2.78       2.77       5.00       2.53       0.00    
   196.0   2.78       2.75       5.00       2.45       0.00    
   197.0   2.78       2.73       5.00       2.47       0.00    
   198.0   2.77       2.71       5.00       2.40       0.00    
   199.0   2.77       2.69       5.00       2.39       5.00    
   200.0   2.77       2.67       5.00       2.40       5.87    
   201.0   2.77       2.65       5.00       2.38       6.22    
   202.0   2.77       2.64       5.00       2.31       6.43    
   203.0   2.77       2.64       5.00       2.29       6.56    
   204.0   2.77       2.63       5.00       2.27       6.65    
   205.0   2.77       2.62       5.00       2.28       6.73    
   206.0   2.77       2.62       5.00       2.23       6.79    
   207.0   2.77       2.61       5.00       2.22       6.84    
   208.0   2.77       2.61       5.00       2.23       6.88    
   209.0   2.77       2.61       5.00       1.99       6.91    
   210.0   2.77       2.61       5.00       1.80       6.44    
   211.0   2.77       2.61       5.00       1.54       6.03    
   212.0   2.77       2.60       5.00       1.31       5.74    
   213.0   2.77       2.60       5.00       1.07       5.57    
   214.0   2.69       2.54       5.00      0.978       5.45    
   215.0   2.69       2.55       5.00      0.984       5.37    
   216.0   2.32       2.26       5.00      0.978       5.33    
   217.0   1.90       1.92       5.00      0.978       5.29    
   218.0   1.58       1.66       5.00      0.978       5.25    
   219.0   1.31       1.45       5.00      0.978       5.21    
   220.0   1.58       1.69       5.00      0.981       5.19    
   221.0   1.58       1.69       5.00      0.986       5.17    
   222.0   1.58       1.69       5.00      0.990       5.16    
   223.0   1.58       1.69       5.00      0.995       5.16    
   224.0   1.58       1.69       5.00       1.00       5.15    
   225.0   1.58       1.69       5.00       1.01       5.15    
   226.0   1.58       1.69       5.00       1.01       5.15    
   227.0   1.58       1.69       5.00       1.02       5.15    
   228.0   1.58       1.69       5.00       1.02       5.15    
   229.0   1.58       1.69       5.00       1.03       5.15    
   230.0   1.58       1.69       5.00       1.03       5.15    
   231.0   1.58       1.69       5.00       1.04       5.15    
   232.0   1.58       1.69       5.00       1.05       5.16    
   233.0   1.58       1.69       5.00       1.06       5.16    
   234.0   1.58       1.69       5.00       1.06       5.16    
   235.0   1.58       1.69       5.00       1.07       5.17    
   236.0   1.58       1.69       5.00       1.08       5.17    
   237.0   1.58       1.69       5.00       1.09       5.17    
   238.0   1.58       1.69       5.00       1.10       5.18    
   239.0   1.58       1.69       5.00       1.11       5.18    
   240.0   1.58       1.69       5.00       1.12       5.18    
   241.0   1.58       1.69       5.00       1.14       5.19    
   242.0   1.58       1.69       5.00       1.15       5.19    
   243.0   1.58       1.69       5.00       1.16       5.20    
   244.0   1.58       1.69       5.00       1.17       5.20    
   245.0   1.58       1.69       5.00       1.18       5.21    
   246.0   1.58       1.69       5.00       1.19       5.21    
   247.0   1.58       1.69       5.00       1.19       5.21    
   248.0   1.58       1.69       5.00       1.20       5.22    
   249.0   1.58       1.69       5.00       1.21       5.22    
   250.0   1.58       1.69       5.00       1.22       5.23    
   251.0   1.58       1.69       5.00       1.23       5.23    
   252.0   1.58       1.69       5.00       1.23       5.24    
   253.0   1.58       1.69       5.00       1.24       5.24    
   254.0   1.58       1.69       5.00       1.25       5.25    
   255.0   1.58       1.69       5.00       1.26       5.25    
   256.0   1.58       1.69       5.00       1.27       5.26    
   257.0   1.58       1.69       5.00       1.28       5.26    
   258.0   1.58       1.69       5.00       1.29       5.27    
   259.0   1.58       1.69       5.00       1.30       5.27    
   260.0   1.58       1.69       5.00       1.30       5.28    
   261.0   1.58       1.69       5.00       1.31       5.28    
   262.0   1.58       1.69       5.00       1.32       5.29    
   263.0   1.58       1.69       5.00       1.32       5.29    
   264.0   1.58       1.69       5.00       1.33       5.30    
   265.0   1.58       1.69       5.00       1.33       5.30    
   266.0   1.58       1.69       5.00       1.33       5.31    
   267.0   1.58       1.69       5.00       1.34       5.31    
   268.0   1.58       1.69       5.00       1.34       5.32    
   269.0   1.58       1.69       5.00       1.34       5.32    
   270.0   1.58       1.69       5.00       1.34       5.33    
   271.0   1.58       1.69       5.00       1.34       5.33    
   272.0   1.58       1.69       5.00       1.35       5.34    
   273.0   1.58       1.69       5.00       1.35       5.34    
   274.0   1.58       1.69       5.00       1.35       5.35    
   275.0   1.58       1.69       5.00       1.35       5.35    
   276.0   1.58       1.69       5.00       1.35       5.36    
   277.0   1.58       1.69       5.00       1.36       5.36    
   278.0   1.58       1.69       5.00       1.36       5.37    
   279.0   1.58       1.69       5.00       1.36       5.37    
