   137.0  0.00000  0.04000  0.04000  0.00780  0.00500  1.00000  0.00000  0.00000
   138.0  0.00000  0.04000  0.04000  0.00780  0.00500  1.00000  0.00000  0.00210
   139.0  0.00801  0.04000  0.00500  0.00780  0.00500  1.00000  0.00000  0.00417
   140.0  0.01603  0.03986  0.00501  0.00777  0.00500  1.00000  0.00000  0.00621
   141.0  0.02409  0.03972  0.00501  0.00774  0.00500  1.00000  0.00000  0.00822
   142.0  0.03217  0.03957  0.00501  0.00771  0.00500  1.00000  0.00000  0.01020
   143.0  0.04027  0.03943  0.00500  0.00768  0.00500  1.00000  0.00000  0.01215
   144.0  0.04829  0.03929  0.00500  0.00766  0.00500  1.00000  0.00000  0.01210
   145.0  0.05094  0.03915  0.00501  0.00763  0.00500  1.00000  0.00000  0.01362
   146.0  0.05365  0.03911  0.00450  0.00762  0.00500  1.00000  0.00000  0.01554
   147.0  0.05635  0.03906  0.00399  0.00761  0.00500  1.00000  0.00000  0.01787
   148.0  0.05900  0.03901  0.00351  0.00760  0.00500  1.00000  0.00000  0.02067
   149.0  0.06167  0.03897  0.00307  0.00759  0.00500  1.00000  0.00000  0.02338
   150.0  0.06437  0.03892  0.00274  0.00758  0.00500  1.00000  0.00000  0.02692
   151.0  0.06702  0.03887  0.00240  0.00758  0.00500  1.00000  0.00000  0.03124
   152.0  0.06967  0.03883  0.00208  0.00757  0.00500  1.00000  0.00286  0.00162
   153.0  0.09167  0.03878  0.03701  0.00756  0.00500  0.94340  0.00162  0.00221
   154.0  0.11382  0.03840  0.03641  0.00748  0.00500  0.93562  0.00221  0.00173
   155.0  0.13619  0.03803  0.03665  0.00741  0.00500  0.95501  0.00173  0.00244
   156.0  0.15703  0.03765  0.03568  0.00734  0.00500  0.93508  0.00171  0.00277
   157.0  0.17817  0.03731  0.03519  0.00727  0.00500  0.92960  0.00249  0.00384
   158.0  0.19909  0.03696  0.03416  0.00720  0.00500  0.90585  0.00192  0.00326
   159.0  0.21978  0.03662  0.03449  0.00714  0.00500  0.92778  0.00261  0.00305
   160.0  0.24041  0.03628  0.03443  0.00707  0.00500  0.93679  0.00303  0.00462
   161.0  0.26130  0.03595  0.03327  0.00701  0.00500  0.90750  0.00187  0.00535
   162.0  0.28212  0.03562  0.03277  0.00694  0.00500  0.90086  0.00303  0.00560
   163.0  0.29913  0.03529  0.03260  0.00688  0.00500  0.90539  0.00253  0.00467
   164.0  0.31626  0.03502  0.03295  0.00683  0.00500  0.92652  0.00194  0.00603
   165.0  0.33423  0.03476  0.03226  0.00677  0.00500  0.91080  0.00303  0.00485
   166.0  0.35201  0.03448  0.03269  0.00672  0.00500  0.93530  0.00311  0.00512
   167.0  0.36958  0.03421  0.03244  0.00667  0.00500  0.93570  0.00334  0.00564
   168.0  0.38736  0.03395  0.03212  0.00662  0.00500  0.93304  0.00336  0.00587
   169.0  0.40494  0.03368  0.03191  0.00656  0.00500  0.93485  0.00303  0.00695
   170.0  0.42241  0.03342  0.03145  0.00651  0.00500  0.92676  0.00283  0.00668
   171.0  0.43954  0.03316  0.03142  0.00646  0.00500  0.93472  0.00261  0.00676
   172.0  0.45681  0.03291  0.03126  0.00641  0.00500  0.93797  0.00295  0.00953
   173.0  0.47387  0.03266  0.03045  0.00636  0.00500  0.91629  0.00299  0.00749
   174.0  0.49066  0.03241  0.03085  0.00632  0.00500  0.94021  0.00236  0.00502
   175.0  0.50737  0.03217  0.03125  0.00627  0.00500  0.96457  0.00234  0.01184
   176.0  0.52439  0.03193  0.02967  0.00622  0.00500  0.91195  0.00257  0.01024
   177.0  0.54127  0.03169  0.02992  0.00618  0.00500  0.93050  0.00248  0.01441
   178.0  0.55825  0.03145  0.02911  0.00613  0.00500  0.90737  0.00252  0.01309
   179.0  0.57514  0.03122  0.02929  0.00608  0.00500  0.92316  0.00227  0.01480
   180.0  0.59209  0.03098  0.02896  0.00604  0.00500  0.91890  0.00227  0.01549
   181.0  0.60908  0.03075  0.02880  0.00599  0.00500  0.92135  0.00197  0.01619
   182.0  0.62607  0.03052  0.02865  0.00595  0.00500  0.92373  0.00191  0.01516
   183.0  0.64290  0.03029  0.02868  0.00590  0.00500  0.93399  0.00157  0.01466
   184.0  0.65967  0.03007  0.02862  0.00586  0.00500  0.94041  0.00128  0.00751
   185.0  0.67666  0.02984  0.02924  0.00582  0.00500  0.97496  0.00130  0.01281
   186.0  0.69412  0.02962  0.02851  0.00577  0.00500  0.95346  0.00105  0.01076
   187.0  0.71136  0.02939  0.02855  0.00573  0.00500  0.96436  0.00125  0.01216
   188.0  0.72853  0.02916  0.02823  0.00568  0.00500  0.96035  0.00112  0.01288
   189.0  0.74527  0.02894  0.02800  0.00564  0.00500  0.95950  0.00060  0.01028
   190.0  0.76194  0.02873  0.02805  0.00560  0.00500  0.97060  0.00068  0.01509
   191.0  0.77865  0.02852  0.02748  0.00556  0.00500  0.95493  0.00066  0.01839
   192.0  0.79570  0.02831  0.02708  0.00552  0.00500  0.94641  0.00066  0.01406
   193.0  0.81243  0.02809  0.02726  0.00547  0.00500  0.96317  0.00093  0.01030
   194.0  0.82907  0.02788  0.02735  0.00543  0.00500  0.97625  0.00044  0.00962
   195.0  0.84567  0.02768  0.02721  0.00539  0.00500  0.97912  0.00038  0.01164
   196.0  0.86233  0.02748  0.02690  0.00535  0.00500  0.97380  0.00046  0.01464
   197.0  0.87906  0.02727  0.02653  0.00532  0.00500  0.96626  0.00044  0.01145
   198.0  0.89583  0.02707  0.02656  0.00528  0.00500  0.97656  0.00034  0.01464
   199.0  0.91260  0.02687  0.02620  0.00524  0.00500  0.96879  0.00051  0.01324
   200.0  0.92941  0.02667  0.02611  0.00520  0.00500  0.97372  0.00032  0.00957
   201.0  0.93441  0.02647  0.02613  0.00516  0.00500  0.98409  0.00028  0.00862
   202.0  0.93939  0.02641  0.02600  0.00515  0.00500  0.98055  0.00040  0.01210
   203.0  0.94441  0.02636  0.02577  0.00514  0.00500  0.97232  0.00033  0.01282
   204.0  0.94945  0.02630  0.02569  0.00512  0.00500  0.97133  0.00040  0.01286
   205.0  0.95445  0.02624  0.02565  0.00511  0.00500  0.97200  0.00035  0.01111
   206.0  0.95944  0.02618  0.02569  0.00510  0.00500  0.97671  0.00046  0.01335
   207.0  0.96445  0.02612  0.02554  0.00509  0.00500  0.97219  0.00065  0.01334
   208.0  0.96943  0.02606  0.02550  0.00508  0.00500  0.97294  0.00046  0.01104
   209.0  0.97442  0.02601  0.02556  0.00507  0.00500  0.97852  0.00039  0.01412
   210.0  0.97943  0.02595  0.02537  0.00506  0.00500  0.97248  0.00045  0.01320
   211.0  0.98445  0.02589  0.02537  0.00505  0.00500  0.97503  0.00054  0.01585
   212.0  0.98952  0.02583  0.02521  0.00503  0.00500  0.97021  0.00061  0.01554
   213.0  0.99460  0.02578  0.02518  0.00502  0.00500  0.97154  0.00063  0.01580
   214.0  0.99967  0.02572  0.02513  0.00501  0.00500  0.97164  0.00068  0.01504
   215.0  1.00000  0.02566  0.02512  0.00500  0.00500  0.97367  0.00072  0.00512
   216.0  1.00000  0.02566  0.02546  0.00500  0.00500  0.99029  0.00043  0.02313
   217.0  1.00000  0.02566  0.02476  0.00500  0.00500  0.95661  0.00061  0.03428
   218.0  1.00000  0.02566  0.02438  0.00500  0.00500  0.93847  0.00056  0.03389
   219.0  1.00000  0.02566  0.02445  0.00500  0.00500  0.94177  0.00060  0.03031
   220.0  1.00000  0.02566  0.02462  0.00500  0.00500  0.94982  0.00068  0.00000
   221.0  1.00000  0.02566  0.02574  0.00500  0.00500  1.00000  0.00000  0.00000
   222.0  1.00000  0.02566  0.02583  0.00500  0.00500  1.00000  0.00000  0.00000
   223.0  1.00000  0.02566  0.02591  0.00500  0.00500  1.00000  0.00000  0.00000
   224.0  1.00000  0.02566  0.02599  0.00500  0.00500  1.00000  0.00000  0.00000
   225.0  1.00000  0.02566  0.02609  0.00500  0.00500  1.00000  0.00000  0.00000
   226.0  1.00000  0.02566  0.02618  0.00500  0.00500  1.00000  0.00000  0.00000
   227.0  1.00000  0.02566  0.02628  0.00500  0.00500  1.00000  0.00000  0.00000
   228.0  1.00000  0.02566  0.02639  0.00500  0.00500  1.00000  0.00000  0.00000
   229.0  1.00000  0.02566  0.02650  0.00500  0.00500  1.00000  0.00000  0.00000
   230.0  1.00000  0.02566  0.02662  0.00500  0.00500  1.00000  0.00000  0.00000
   231.0  1.00000  0.02566  0.02674  0.00500  0.00500  1.00000  0.00000  0.00000
   232.0  1.00000  0.02566  0.02687  0.00500  0.00500  1.00000  0.00000  0.00000
   233.0  1.00000  0.02566  0.02701  0.00500  0.00500  1.00000  0.00000  0.00000
   234.0  1.00000  0.02566  0.02715  0.00500  0.00500  1.00000  0.00000  0.00000
   235.0  1.00000  0.02566  0.02732  0.00500  0.00500  1.00000  0.00000  0.00000
   236.0  1.00000  0.02566  0.02750  0.00500  0.00500  1.00000  0.00000  0.00000
   237.0  1.00000  0.02566  0.02770  0.00500  0.00500  1.00000  0.00000  0.00000
   238.0  1.00000  0.02566  0.02790  0.00500  0.00500  1.00000  0.00000  0.00000
   239.0  1.00000  0.02566  0.02810  0.00500  0.00500  1.00000  0.00000  0.00000
   240.0  1.00000  0.02566  0.02833  0.00500  0.00500  1.00000  0.00000  0.00000
   241.0  1.00000  0.02566  0.02858  0.00500  0.00500  1.00000  0.00000  0.00000
   242.0  1.00000  0.02566  0.02885  0.00500  0.00500  1.00000  0.00000  0.00000
   243.0  1.00000  0.02566  0.02911  0.00500  0.00500  1.00000  0.00000  0.00000
   244.0  1.00000  0.02566  0.02940  0.00500  0.00500  1.00000  0.00000  0.00000
   245.0  1.00000  0.02566  0.02965  0.00500  0.00500  1.00000  0.00000  0.00000
   246.0  1.00000  0.02566  0.02991  0.00500  0.00500  1.00000  0.00000  0.00000
   247.0  1.00000  0.02566  0.03017  0.00500  0.00500  1.00000  0.00000  0.00000
   248.0  1.00000  0.02566  0.03043  0.00500  0.00500  1.00000  0.00000  0.00000
   249.0  1.00000  0.02566  0.03069  0.00500  0.00500  1.00000  0.00000  0.00000
   250.0  1.00000  0.02566  0.03096  0.00500  0.00500  1.00000  0.00000  0.00000
   251.0  1.00000  0.02566  0.03123  0.00500  0.00500  1.00000  0.00000  0.00000
   252.0  1.00000  0.02566  0.03151  0.00500  0.00500  1.00000  0.00000  0.00000
   253.0  1.00000  0.02566  0.03179  0.00500  0.00500  1.00000  0.00000  0.00000
   254.0  1.00000  0.02566  0.03208  0.00500  0.00500  1.00000  0.00000  0.00000
   255.0  1.00000  0.02566  0.03237  0.00500  0.00500  1.00000  0.00000  0.00000
   256.0  1.00000  0.02566  0.03267  0.00500  0.00500  1.00000  0.00000  0.00000
   257.0  1.00000  0.02566  0.03296  0.00500  0.00500  1.00000  0.00000  0.00000
   258.0  1.00000  0.02566  0.03326  0.00500  0.00500  1.00000  0.00000  0.00000
   259.0  1.00000  0.02566  0.03349  0.00500  0.00500  1.00000  0.00000  0.00000
   260.0  1.00000  0.02566  0.03371  0.00500  0.00500  1.00000  0.00000  0.00000
   261.0  1.00000  0.02566  0.03393  0.00500  0.00500  1.00000  0.00000  0.00000
   262.0  1.00000  0.02566  0.03414  0.00500  0.00500  1.00000  0.00000  0.00000
   263.0  1.00000  0.02566  0.03436  0.00500  0.00500  1.00000  0.00000  0.00000
   264.0  1.00000  0.02566  0.03457  0.00500  0.00500  1.00000  0.00000  0.00000
   265.0  1.00000  0.02566  0.03473  0.00500  0.00500  1.00000  0.00000  0.00000
   266.0  1.00000  0.02566  0.03487  0.00500  0.00500  1.00000  0.00000  0.00000
   267.0  1.00000  0.02566  0.03499  0.00500  0.00500  1.00000  0.00000  0.00000
   268.0  1.00000  0.02566  0.03510  0.00500  0.00500  1.00000  0.00000  0.00000
   269.0  1.00000  0.02566  0.03520  0.00500  0.00500  1.00000  0.00000  0.00000
   270.0  1.00000  0.02566  0.03530  0.00500  0.00500  1.00000  0.00000  0.00000
   271.0  1.00000  0.02566  0.03538  0.00500  0.00500  1.00000  0.00000  0.00000
   272.0  1.00000  0.02566  0.03547  0.00500  0.00500  1.00000  0.00000  0.00000
   273.0  1.00000  0.02566  0.03555  0.00500  0.00500  1.00000  0.00000  0.00000
   274.0  1.00000  0.02566  0.03564  0.00500  0.00500  1.00000  0.00000  0.00000
   275.0  1.00000  0.02566  0.03573  0.00500  0.00500  1.00000  0.00000  0.00000
   276.0  1.00000  0.02566  0.03580  0.00500  0.00500  1.00000  0.00000  0.00000
   277.0  1.00000  0.02566  0.03587  0.00500  0.00500  1.00000  0.00000  0.00000
   278.0  1.00000  0.02566  0.03592  0.00500  0.00500  1.00000  0.00000  0.00000
   279.0  1.00000  0.02566  0.03598  0.00500  0.00500  1.00000  0.00000  0.00000
