   137.0 0.9976 1.0000 1.0000 0.9976 1.0000
   138.0 0.9997 1.0000 1.0000 0.9997 1.0000
   139.0 0.9998 1.0000 1.0000 0.9998 1.0000
   140.0 0.9944 1.0000 1.0000 0.9944 1.0000
   141.0 0.9777 1.0000 1.0000 0.9777 1.0000
   142.0 0.9681 1.0000 1.0000 0.9681 1.0000
   143.0 0.9628 1.0000 1.0000 0.9628 1.0000
   144.0 0.9944 1.0000 1.0000 0.9944 1.0000
   145.0 0.9989 1.0000 1.0000 0.9989 1.0000
   146.0 0.9084 1.0000 1.0000 0.9107 0.9974
   147.0 0.9210 1.0000 1.0000 0.9210 1.0000
   148.0 0.9991 1.0000 1.0000 0.9991 1.0000
   149.0 0.9623 1.0000 1.0000 0.9627 0.9996
   150.0 0.9374 1.0000 1.0000 0.9374 1.0000
   151.0 0.9856 1.0000 1.0000 0.9856 1.0000
   152.0 0.9934 1.0000 1.0000 0.9935 0.9998
   153.0 0.6894 0.9434 1.0000 0.9935 0.6939
   154.0 0.5378 0.9356 1.0000 0.9907 0.5428
   155.0 0.5771 0.9550 1.0000 0.9998 0.5772
   156.0 0.8948 0.9351 1.0000 0.9569 0.9968
   157.0 0.8425 0.9296 1.0000 0.9064 0.9994
   158.0 0.8815 0.9059 1.0000 0.9731 1.0000
   159.0 0.9218 0.9278 1.0000 0.9935 1.0000
   160.0 0.9311 0.9368 1.0000 0.9959 0.9350
   161.0 0.8872 0.9075 1.0000 0.9777 0.9999
   162.0 0.8976 0.9009 1.0000 0.9964 1.0000
   163.0 0.8890 0.9054 1.0000 0.9819 1.0000
   164.0 0.8619 0.9265 1.0000 0.9303 0.9999
   165.0 0.6802 0.9108 1.0000 0.7468 1.0000
   166.0 0.7217 0.9353 1.0000 0.7716 1.0000
   167.0 0.7656 0.9357 1.0000 0.8182 1.0000
   168.0 0.7199 0.9330 1.0000 0.7716 1.0000
   169.0 0.7649 0.9349 1.0000 0.8182 1.0000
   170.0 0.7879 0.9268 1.0000 0.8502 0.9999
   171.0 0.8624 0.9347 1.0000 0.9227 1.0000
   172.0 0.8339 0.9380 1.0000 0.8890 1.0000
   173.0 0.8769 0.9163 1.0000 0.9570 1.0000
   174.0 0.9363 0.9402 1.0000 0.9958 1.0000
   175.0 0.9539 0.9646 1.0000 0.9889 1.0000
   176.0 0.8874 0.9119 1.0000 0.9730 0.9999
   177.0 0.9171 0.9305 1.0000 0.9856 1.0000
   178.0 0.8943 0.9074 1.0000 0.9856 1.0000
   179.0 0.9157 0.9232 1.0000 0.9919 1.0000
   180.0 0.9022 0.9189 1.0000 0.9819 1.0000
   181.0 0.8920 0.9214 1.0000 0.9681 0.9999
   182.0 0.8943 0.9237 1.0000 0.9681 1.0000
   183.0 0.9287 0.9340 1.0000 0.9944 1.0000
   184.0 0.9404 0.9404 1.0000 1.0000 1.0000
   185.0 0.8919 0.9750 1.0000 0.9148 1.0000
   186.0 0.7907 0.9535 1.0000 0.8292 1.0000
   187.0 0.8393 0.9644 1.0000 0.8703 0.9999
   188.0 0.8536 0.9604 1.0000 0.8889 1.0000
   189.0 0.9473 0.9595 1.0000 0.9873 1.0000
   190.0 0.9627 0.9706 1.0000 0.9919 1.0000
   191.0 0.9541 0.9549 1.0000 0.9991 1.0000
   192.0 0.8804 0.9464 1.0000 0.9303 1.0000
   193.0 0.9493 0.9632 1.0000 0.9856 1.0000
   194.0 0.9708 0.9763 1.0000 0.9944 0.9999
   195.0 0.9781 0.9791 1.0000 0.9989 1.0000
   196.0 0.9659 0.9738 1.0000 0.9919 1.0000
   197.0 0.9487 0.9663 1.0000 0.9818 0.9999
   198.0 0.9402 0.9766 1.0000 0.9628 1.0000
   199.0 0.9427 0.9688 1.0000 0.9730 1.0000
   200.0 0.9317 0.9737 1.0000 0.9569 1.0000
   201.0 0.9662 0.9841 1.0000 0.9818 1.0000
   202.0 0.9726 0.9806 1.0000 0.9919 1.0000
   203.0 0.9546 0.9723 1.0000 0.9818 1.0000
   204.0 0.9352 0.9713 1.0000 0.9628 1.0000
   205.0 0.9612 0.9720 1.0000 0.9889 1.0000
   206.0 0.9688 0.9767 1.0000 0.9919 0.9999
   207.0 0.9598 0.9722 1.0000 0.9872 1.0000
   208.0 0.9727 0.9729 1.0000 0.9997 0.9999
   209.0 0.9777 0.9785 1.0000 0.9991 1.0000
   210.0 0.9548 0.9725 1.0000 0.9818 1.0000
   211.0 0.9488 0.9750 1.0000 0.9731 1.0000
   212.0 0.9096 0.9702 1.0000 0.9376 1.0000
   213.0 0.9038 0.9715 1.0000 0.9303 1.0000
   214.0 0.9176 0.9716 1.0000 0.9444 1.0000
   215.0 0.8906 0.9737 1.0000 0.9147 1.0000
   216.0 0.9682 0.9903 1.0000 0.9777 1.0000
   217.0 0.9261 0.9566 1.0000 0.9681 0.9999
   218.0 0.9362 0.9385 1.0000 0.9976 1.0000
   219.0 0.9314 0.9418 1.0000 0.9890 1.0000
   220.0 0.9286 0.9498 1.0000 0.9777 1.0000
   221.0 0.9678 1.0000 1.0000 0.9680 0.9998
   222.0 0.9975 1.0000 1.0000 0.9976 0.9998
   223.0 0.9976 1.0000 1.0000 0.9976 0.9999
   224.0 0.9943 1.0000 1.0000 0.9944 0.9999
   225.0 0.9508 1.0000 1.0000 0.9508 1.0000
   226.0 0.9618 1.0000 1.0000 0.9618 1.0000
   227.0 0.9935 1.0000 1.0000 0.9935 1.0000
   228.0 0.9964 1.0000 1.0000 0.9964 1.0000
   229.0 0.9628 1.0000 1.0000 0.9628 1.0000
   230.0 0.9374 1.0000 1.0000 0.9374 1.0000
   231.0 0.9303 1.0000 1.0000 0.9303 1.0000
   232.0 0.9980 1.0000 1.0000 0.9980 1.0000
   233.0 0.9998 1.0000 1.0000 0.9998 1.0000
   234.0 0.9964 1.0000 1.0000 0.9964 1.0000
   235.0 0.9729 1.0000 1.0000 0.9730 0.9999
   236.0 0.9147 1.0000 1.0000 0.9147 1.0000
   237.0 0.9065 1.0000 1.0000 0.9065 0.9999
   238.0 0.9443 1.0000 1.0000 0.9444 0.9999
   239.0 0.8701 1.0000 1.0000 0.8701 1.0000
   240.0 0.9989 1.0000 1.0000 0.9989 1.0000
   241.0 0.9906 1.0000 1.0000 0.9907 1.0000
   242.0 0.9997 1.0000 1.0000 0.9998 0.9999
   243.0 0.9873 1.0000 1.0000 0.9873 1.0000
   244.0 0.9618 1.0000 1.0000 0.9618 1.0000
   245.0 0.9392 1.0000 1.0000 0.9392 1.0000
   246.0 1.0000 1.0000 1.0000 1.0000 1.0000
   247.0 0.9392 1.0000 1.0000 0.9392 1.0000
   248.0 0.9817 1.0000 1.0000 0.9819 0.9998
   249.0 0.9935 1.0000 1.0000 0.9935 1.0000
   250.0 0.9976 1.0000 1.0000 0.9976 1.0000
   251.0 0.9730 1.0000 1.0000 0.9730 0.9999
   252.0 0.9443 1.0000 1.0000 0.9444 0.9999
   253.0 0.9442 1.0000 1.0000 0.9444 0.9998
   254.0 0.9568 1.0000 1.0000 0.9570 0.9999
   255.0 0.9302 1.0000 1.0000 0.9302 1.0000
   256.0 0.8504 1.0000 1.0000 0.8504 1.0000
   257.0 0.7835 1.0000 1.0000 0.7835 1.0000
   258.0 0.7836 1.0000 1.0000 0.7837 0.9999
   259.0 0.9991 1.0000 1.0000 0.9991 1.0000
   260.0 0.9989 1.0000 1.0000 0.9989 1.0000
   261.0 0.9998 1.0000 1.0000 0.9998 1.0000
   262.0 0.9918 1.0000 1.0000 0.9919 0.9999
   263.0 0.9851 1.0000 1.0000 0.9856 0.9995
   264.0 0.9625 1.0000 1.0000 0.9627 0.9998
   265.0 0.9907 1.0000 1.0000 0.9907 1.0000
   266.0 0.7282 1.0000 1.0000 0.7282 1.0000
   267.0 0.9615 1.0000 1.0000 0.9617 0.9998
   268.0 0.9997 1.0000 1.0000 1.0000 0.9997
   269.0 0.6618 1.0000 1.0000 0.6618 1.0000
   270.0 0.9205 1.0000 1.0000 0.9210 0.9994
   271.0 0.8761 1.0000 1.0000 0.8761 1.0000
   272.0 0.9471 1.0000 1.0000 0.9474 0.9996
   273.0 0.9889 1.0000 1.0000 0.9889 1.0000
   274.0 0.9732 1.0000 1.0000 0.9737 0.9994
   275.0 0.7277 1.0000 1.0000 0.7282 0.9993
   276.0 0.8190 1.0000 1.0000 0.8191 0.9999
   277.0 0.9209 1.0000 1.0000 0.9210 0.9999
   278.0 0.9618 1.0000 1.0000 0.9618 1.0000
   279.0 0.9976 1.0000 1.0000 0.9976 1.0000
