   137.0    491.8      0.0      0.0      0.0      0.0      0.0      0.0
   138.0    342.1    147.6      0.0      0.0      0.0      0.0      0.0
   139.0    237.3    250.2      0.0      0.0      0.0      0.0      0.0
   140.0    164.0    321.4      0.0      0.0      0.0      0.0      0.0
   141.0    112.6    370.6      0.0      0.0      0.0      0.0      0.0
   142.0     76.7    404.4      0.0      0.0      0.0      0.0      0.0
   143.0     51.5    232.7    194.7      0.0      0.0      0.0      0.0
   144.0     33.9    132.5    310.4      0.0      0.0      0.0      0.0
   145.0     21.6     76.5    376.6      0.0      0.0      0.0      0.0
   146.0     13.0     48.2    411.3      0.0      0.0      0.0      0.0
   147.0      6.9     29.9    433.5      0.0      0.0      0.0      0.0
   148.0      2.7     17.0    448.4      0.0      0.0      0.0      0.0
   149.0      0.0      9.7    456.6      0.0      0.0      0.0      0.0
   150.0      0.0      5.1    461.2      0.0      0.0      0.0      0.0
   151.0      0.0      2.6    304.4    159.3      0.0      0.0      0.0
   152.0      0.0      1.3    199.7    265.3      0.0      0.0      0.0
   153.0      0.0      0.7    137.3    328.3      0.0      0.0      0.0
   154.0      0.0      0.4     94.3    371.6      0.0      0.0      0.0
   155.0      0.0      0.2     64.7    401.3      0.0      0.0      0.0
   156.0      0.0      0.1     44.4    421.8      0.0      0.0      0.0
   157.0      0.0      0.1     30.5    435.8      0.0      0.0      0.0
   158.0      0.0      0.0     20.9    445.4      0.0      0.0      0.0
   159.0      0.0      0.0     14.2    370.0     82.1      0.0      0.0
   160.0      0.0      0.0      9.5    305.7    151.0      0.0      0.0
   161.0      0.0      0.0      6.5    253.7    206.0      0.0      0.0
   162.0      0.0      0.0      4.5    210.1    251.7      0.0      0.0
   163.0      0.0      0.0      3.1    173.7    289.5      0.0      0.0
   164.0      0.0      0.0      2.1    143.4    320.8      0.0      0.0
   165.0      0.0      0.0      1.4    118.3    346.6      0.0      0.0
   166.0      0.0      0.0      1.0     97.4    367.9      0.0      0.0
   167.0      0.0      0.0      0.7     80.2    385.4      0.0      0.0
   168.0      0.0      0.0      0.5     66.0    399.9      0.0      0.0
   169.0      0.0      0.0      0.3     54.2    411.7      0.0      0.0
   170.0      0.0      0.0      0.2     44.6    421.5      0.0      0.0
   171.0      0.0      0.0      0.1     36.6    429.5      0.0      0.0
   172.0      0.0      0.0      0.1     30.1    436.1      0.0      0.0
   173.0      0.0      0.0      0.1     24.7    441.5      0.0      0.0
   174.0      0.0      0.0      0.0     20.1    446.2      0.0      0.0
   175.0      0.0      0.0      0.0     16.3    450.0      0.0      0.0
   176.0      0.0      0.0      0.0     13.4    452.9      0.0      0.0
   177.0      0.0      0.0      0.0     10.9    455.4      0.0      0.0
   178.0      0.0      0.0      0.0      9.0    457.3      0.0      0.0
   179.0      0.0      0.0      0.0      7.3    459.0      0.0      0.0
   180.0      0.0      0.0      0.0      6.0    460.3      0.0      0.0
   181.0      0.0      0.0      0.0      4.9    461.4      0.0      0.0
   182.0      0.0      0.0      0.0      4.0    462.3      0.0      0.0
   183.0      0.0      0.0      0.0      3.3    463.0      0.0      0.0
   184.0      0.0      0.0      0.0      2.7    463.6      0.0      0.0
   185.0      0.0      0.0      0.0      2.2    464.1      0.0      0.0
   186.0      0.0      0.0      0.0      1.8    464.5      0.0      0.0
   187.0      0.0      0.0      0.0      1.5    464.8      0.0      0.0
   188.0      0.0      0.0      0.0      1.2    465.1      0.0      0.0
   189.0      0.0      0.0      0.0      1.0    465.3      0.0      0.0
   190.0      0.0      0.0      0.0      0.8    434.2     31.4      0.0
   191.0      0.0      0.0      0.0      0.6    405.3     60.4      0.0
   192.0      0.0      0.0      0.0      0.5    379.9     85.9      0.0
   193.0      0.0      0.0      0.0      0.4    354.7    111.1      0.0
   194.0      0.0      0.0      0.0      0.3    330.7    135.2      0.0
   195.0      0.0      0.0      0.0      0.3    308.1    157.9      0.0
   196.0      0.0      0.0      0.0      0.2    287.4    178.7      0.0
   197.0      0.0      0.0      0.0      0.2    268.3    197.8      0.0
   198.0      0.0      0.0      0.0      0.1    250.7    215.5      0.0
   199.0      0.0      0.0      0.0      0.1    234.2    232.0      0.0
   200.0      0.0      0.0      0.0      0.1    218.9    247.3      0.0
   201.0      0.0      0.0      0.0      0.1    204.1    262.1      0.0
   202.0      0.0      0.0      0.0      0.1    190.3    276.0      0.0
   203.0      0.0      0.0      0.0      0.1    177.6    288.7      0.0
   204.0      0.0      0.0      0.0      0.0    165.9    300.3      0.0
   205.0      0.0      0.0      0.0      0.0    154.8    311.5      0.0
   206.0      0.0      0.0      0.0      0.0    144.3    322.0      0.0
   207.0      0.0      0.0      0.0      0.0    134.6    331.7      0.0
   208.0      0.0      0.0      0.0      0.0    125.4    340.8      0.0
   209.0      0.0      0.0      0.0      0.0    116.9    309.4     40.0
   210.0      0.0      0.0      0.0      0.0    109.1    281.8     75.4
   211.0      0.0      0.0      0.0      0.0    101.8    257.0    107.5
   212.0      0.0      0.0      0.0      0.0     95.3    235.4    135.6
   213.0      0.0      0.0      0.0      0.0     89.3    215.9    161.1
   214.0      0.0      0.0      0.0      0.0     83.6    197.9    184.9
   215.0      0.0      0.0      0.0      0.0     78.3    181.8    206.2
   216.0      0.0      0.0      0.0      0.0     73.0    165.9    227.4
   217.0      0.0      0.0      0.0      0.0     68.3    152.2    245.8
   218.0      0.0      0.0      0.0      0.0     63.8    139.6    262.9
   219.0      0.0      0.0      0.0      0.0     59.6    128.2    278.5
   220.0      0.0      0.0      0.0      0.0     55.8    117.8    292.8
   221.0      0.0      0.0      0.0      0.0     52.0    107.9    306.5
   222.0      0.0      0.0      0.0      0.0     48.4     98.6    319.4
   223.0      0.0      0.0      0.0      0.0     45.0     90.2    331.2
   224.0      0.0      0.0      0.0      0.0     41.8     82.5    341.9
   225.0      0.0      0.0      0.0      0.0     39.1     75.9    351.3
   226.0      0.0      0.0      0.0      0.0     36.4     69.8    360.1
   227.0      0.0      0.0      0.0      0.0     33.9     64.0    368.4
   228.0      0.0      0.0      0.0      0.0     31.5     58.7    376.1
   229.0      0.0      0.0      0.0      0.0     29.4     54.0    382.9
   230.0      0.0      0.0      0.0      0.0     27.5     49.9    388.9
   231.0      0.0      0.0      0.0      0.0     25.7     46.1    394.5
   232.0      0.0      0.0      0.0      0.0     23.9     42.4    400.0
   233.0      0.0      0.0      0.0      0.0     22.2     39.0    405.1
   234.0      0.0      0.0      0.0      0.0     20.7     35.9    409.8
   235.0      0.0      0.0      0.0      0.0     19.3     33.1    414.0
   236.0      0.0      0.0      0.0      0.0     18.0     30.7    417.6
   237.0      0.0      0.0      0.0      0.0     16.9     28.5    420.9
   238.0      0.0      0.0      0.0      0.0     15.8     26.4    424.2
   239.0      0.0      0.0      0.0      0.0     14.8     24.5    427.0
   240.0      0.0      0.0      0.0      0.0     13.7     22.6    429.9
   241.0      0.0      0.0      0.0      0.0     12.8     20.9    432.6
   242.0      0.0      0.0      0.0      0.0     11.9     19.3    435.1
   243.0      0.0      0.0      0.0      0.0     11.1     17.8    437.4
   244.0      0.0      0.0      0.0      0.0     10.3     16.5    439.5
   245.0      0.0      0.0      0.0      0.0      9.6     15.3    441.3
   246.0      0.0      0.0      0.0      0.0      9.0     14.2    443.2
   247.0      0.0      0.0      0.0      0.0      8.4     13.2    444.8
   248.0      0.0      0.0      0.0      0.0      7.8     12.2    446.3
   249.0      0.0      0.0      0.0      0.0      7.3     11.3    447.8
   250.0      0.0      0.0      0.0      0.0      6.8     10.4    449.1
   251.0      0.0      0.0      0.0      0.0      6.3      9.7    450.3
   252.0      0.0      0.0      0.0      0.0      5.9      9.0    451.4
   253.0      0.0      0.0      0.0      0.0      5.5      8.4    452.4
   254.0      0.0      0.0      0.0      0.0      5.1      7.8    453.4
   255.0      0.0      0.0      0.0      0.0      4.8      7.2    454.3
   256.0      0.0      0.0      0.0      0.0      4.5      6.8    455.1
   257.0      0.0      0.0      0.0      0.0      4.2      6.3    455.8
   258.0      0.0      0.0      0.0      0.0      3.9      5.9    456.5
   259.0      0.0      0.0      0.0      0.0      3.7      5.5    457.2
   260.0      0.0      0.0      0.0      0.0      3.4      5.1    457.8
   261.0      0.0      0.0      0.0      0.0      3.2      4.7    458.4
   262.0      0.0      0.0      0.0      0.0      3.0      4.4    459.0
   263.0      0.0      0.0      0.0      0.0      2.7      4.0    459.5
   264.0      0.0      0.0      0.0      0.0      2.6      3.8    460.0
   265.0      0.0      0.0      0.0      0.0      2.4      3.5    460.4
   266.0      0.0      0.0      0.0      0.0      2.2      3.3    460.8
   267.0      0.0      0.0      0.0      0.0      2.1      3.0    461.2
   268.0      0.0      0.0      0.0      0.0      1.9      2.8    461.5
   269.0      0.0      0.0      0.0      0.0      1.8      2.6    461.8
   270.0      0.0      0.0      0.0      0.0      1.7      2.5    462.1
   271.0      0.0      0.0      0.0      0.0      1.6      2.3    462.4
   272.0      0.0      0.0      0.0      0.0      1.5      2.1    462.7
   273.0      0.0      0.0      0.0      0.0      1.4      2.0    462.9
   274.0      0.0      0.0      0.0      0.0      1.3      1.9    463.2
   275.0      0.0      0.0      0.0      0.0      1.2      1.7    463.4
   276.0      0.0      0.0      0.0      0.0      1.1      1.6    463.5
   277.0      0.0      0.0      0.0      0.0      1.1      1.5    463.7
   278.0      0.0      0.0      0.0      0.0      1.0      1.4    463.9
   279.0      0.0      0.0      0.0      0.0      0.9      1.3    464.1
