     119    0.000    0.000      0.0       0.
     120    0.000    0.000      0.0       0.
     121    0.000    0.000      0.0       0.
     122    0.000    0.000      0.0       0.
     123    0.000    0.000      0.0       0.
     124    0.000    0.000      0.0       0.
     125    0.000    0.000      0.0       0.
     126    0.000    0.000      0.0       0.
     127    0.000    0.000      0.0       0.
     128    0.000    0.000      0.0       0.
     129    0.000    0.000      0.0       0.
     130    0.000    0.000      0.0       0.
     131    0.000    0.000      0.0       0.
     132    0.000    0.000      0.0       0.
     133    0.000    0.000      0.0       0.
     134    0.000    0.000      0.0       0.
     135    0.000    0.000      0.0       0.
     136    0.000    0.000      0.0       0.
     137    0.000    0.000      0.0       0.
     138    0.000    0.000      0.0       0.
     139    0.000    0.000      0.0       0.
     140    0.500    0.013      9.7       0.
     141    0.500    0.018     13.1       0.
     142    0.500    0.028     19.4       0.
     143    0.500    0.046     31.3       0.
     144    0.500    0.074     49.1       0.
     145    0.500    0.112     74.1       0.
     146    0.500    0.164    107.5       0.
     147    0.500    0.217    141.6       0.
     148    0.500    0.281    183.2       0.
     149    0.500    0.359    234.4       0.
     150    0.500    0.456    297.1       0.
     151    0.500    0.529    344.4       0.
     152    0.500    0.694    451.6       0.
     153    0.500    0.876    569.7       0.
     154    0.500    1.111    722.4       0.
     155    0.500    1.309    851.0       0.
     156    0.500    1.459    948.9       0.
     157    0.500    1.566   1018.8       0.
     158    0.500    1.633   1063.1       0.
     159    0.500    1.800   1172.0       0.
     160    0.500    1.996   1299.9       0.
     161    0.500    2.123   1383.2       0.
     162    0.500    2.218   1446.0       0.
     163    0.500    2.297   1498.7       0.
     164    0.500    2.356   1538.8       0.
     165    0.500    2.412   1576.6       0.
     166    0.500    2.538   1659.8       0.
     167    0.500    2.714   1775.5       0.
     168    0.500    2.892   1892.6       0.
     169    0.500    3.061   2004.3       0.
     170    0.500    3.121   2048.0       2.
     171    0.500    3.188   2096.5       5.
     172    0.500    3.256   2152.2      14.
     173    0.500    3.316   2209.3      28.
     174    0.500    3.379   2271.6      46.
     175    0.500    3.445   2340.5      69.
     176    0.500    3.512   2416.1      98.
     177    0.500    3.580   2498.9     133.
     178    0.500    3.650   2589.3     174.
     179    0.500    3.721   2686.2     222.
     180    0.500    3.788   2786.1     274.
     181    0.500    3.857   2894.4     334.
     182    0.500    3.927   3011.8     401.
     183    0.500    3.998   3138.6     478.
     184    0.500    4.068   3267.2     556.
     185    0.500    4.131   3383.6     627.
     186    0.500    4.187   3491.7     694.
     187    0.500    4.248   3611.7     768.
     188    0.500    4.306   3729.0     842.
     189    0.500    4.367   3858.0     925.
     190    0.500    4.416   3964.2     993.
     191    0.500    4.464   4073.1    1064.
     192    0.500    4.513   4184.5    1136.
     193    0.500    4.549   4273.3    1195.
     194    0.500    4.589   4372.6    1260.
     195    0.500    4.616   4447.6    1310.
     196    0.500    4.660   4558.0    1384.
     197    0.500    4.712   4695.5    1479.
     198    0.500    4.763   4831.1    1573.
     199    0.500    4.813   4963.4    1664.
     200    0.500    4.779   5049.5    1763.
     201    0.500    4.827   5191.8    1864.
     202    0.500    4.875   5336.4    1968.
     203    0.500    4.923   5483.6    2074.
     204    0.500    4.957   5594.1    2152.
     205    0.500    5.004   5746.1    2263.
     206    0.500    5.049   5896.5    2373.
     207    0.500    5.092   6049.1    2486.
     208    0.500    5.133   6200.2    2598.
     209    0.500    5.165   6329.2    2693.
     210    0.500    5.204   6486.1    2812.
     211    0.500    5.239   6640.9    2929.
     212    0.500    5.273   6796.6    3049.
     213    0.500    5.304   6947.0    3164.
     214    0.500    5.326   7073.0    3261.
     215    0.500    5.355   7229.4    3382.
     216    0.500    5.383   7390.0    3509.
     217    0.500    5.409   7550.7    3636.
     218    0.500    5.429   7707.0    3763.
     219    0.500    5.451   7866.1    3890.
     220    0.500    5.472   8027.5    4020.
     221    0.500    5.493   8192.0    4153.
     222    0.500    5.514   8355.5    4285.
     223    0.500    5.536   8521.4    4418.
     224    0.500    5.554   8675.8    4542.
     225    0.500    5.576   8856.3    4689.
     226    0.500    5.597   9040.3    4840.
     227    0.500    5.618   9227.3    4993.
     228    0.500    5.640   9420.9    5153.
     229    0.500    5.661   9616.6    5314.
     230    0.500    5.680   9811.8    5476.
     231    0.500    5.699  10006.6    5637.
     232    0.500    5.717  10201.0    5799.
     233    0.500    5.733  10395.0    5960.
     234    0.500    5.744  10585.4    6122.
     235    0.500    5.747  10771.0    6283.
     236    0.500    5.755  10960.3    6445.
     237    0.500    5.763  11150.2    6606.
     238    0.500    5.773  11341.8    6768.
     239    0.500    5.781  11532.7    6929.
     240    0.500    5.799  11737.0    7099.
     241    0.500    5.815  11940.9    7269.
     242    0.500    5.831  12144.5    7439.
     243    0.500    5.836  12341.4    7609.
     244    0.500    5.835  12534.2    7778.
     245    0.500    5.846  12736.1    7948.
     246    0.500    5.832  12903.0    8099.
     247    0.500    5.811  13052.4    8237.
     248    0.500    5.806  13244.6    8407.
     249    0.500    5.812  13444.6    8577.
     250    0.500    5.816  13643.8    8747.
     251    0.500    5.818  13842.2    8917.
     252    0.500    5.717  13974.9    9087.
     253    0.500    5.717  13974.9    9087.
      90    0.000    0.000      0.0       0.
      91    0.000    0.000      0.0       0.
      92    0.000    0.000      0.0       0.
      93    0.000    0.000      0.0       0.
      94    0.000    0.000      0.0       0.
      95    0.000    0.000      0.0       0.
      96    0.000    0.000      0.0       0.
      97    0.000    0.000      0.0       0.
      98    0.500    0.001      0.7       0.
      99    0.595    0.003      1.9       0.
     100    1.531    0.005      3.5       0.
     101    2.520    0.007      5.3       0.
     102    3.725    0.009      7.0       0.
     103    4.470    0.011      9.2       0.
     104    5.855    0.012     10.6       0.
     105    6.812    0.013     12.0       0.
     106    7.392    0.015     14.0       0.
     107    8.174    0.017     16.6       0.
     108    9.271    0.019     19.4       0.
     109   10.662    0.021     22.4       0.
     110   11.820    0.023     25.7       0.
     111   13.087    0.026     29.4       0.
     112   14.572    0.029     33.8       0.
     113   15.911    0.032     38.3       0.
     114   17.421    0.037     42.1       0.
     115   18.410    0.041     45.1       0.
     116   19.089    0.046     51.6       0.
     117   19.952    0.051     58.8       0.
     118   20.949    0.056     67.8       0.
     119   22.298    0.062     76.8       0.
     120   23.915    0.070     88.7       0.
     121   25.131    0.077    100.5       0.
     122   26.231    0.084    113.5       0.
     123   27.543    0.093    128.3       0.
     124   28.911    0.105    145.5       0.
     125   30.311    0.117    165.1       0.
     126   31.617    0.134    187.7       0.
     127   32.532    0.152    205.2       0.
     128   33.284    0.183    235.6       0.
     129   34.365    0.213    275.4       0.
     130   35.407    0.233    314.2       0.
     131   36.568    0.258    353.8       0.
     132   37.796    0.294    407.5       0.
     133   39.224    0.333    474.9       0.
     134   40.259    0.364    510.0       0.
     135   41.319    0.412    566.0       0.
     136   42.401    0.438    596.6       0.
     137   43.407    0.500    678.8       0.
     138   44.589    0.548    738.9       0.
     139   45.795    0.590    793.7       0.
     140   46.737    0.646    867.1       0.
     141   47.861    0.713    983.3       0.
     142   49.130    0.779   1096.1       0.
     143   50.381    0.774   1208.0       0.
     144   51.889    0.769   1334.4       0.
     145   53.357    0.764   1487.0       0.
     146   54.926    0.759   1634.1       0.
     147   56.616    0.754   1768.4       0.
     148   58.190    0.749   1946.5       0.
     149   59.719    0.744   2124.3       0.
     150   61.482    0.737   2269.9       0.
     151   63.526    0.731   2416.9       0.
     152   65.663    0.725   2554.6       0.
     153   67.553    0.720   2727.9       0.
     154   69.236    0.715   2852.8       0.
     155   70.776    0.710   2966.0       0.
     156   72.455    0.705   3058.6       0.
     157   74.032    0.699   3210.5       0.
     158   75.690    0.694   3388.5       0.
     159   77.301    0.689   3567.8       0.
     160   79.152    0.684   3750.7       0.
     161   81.116    0.679   3916.7       0.
     162   82.935    0.674   4103.0       0.
     163   84.681    0.669   4296.4      12.
     164   86.465    0.664   4490.6      42.
     165   88.027    0.660   4682.1      90.
     166   89.580    0.655   4862.3     161.
     167   91.285    0.651   5043.8     250.
     168   92.939    0.646   5230.4     367.
     169   94.719    0.640   5406.2     517.
     170   96.622    0.635   5591.4     683.
     171   98.429    0.631   5745.2     854.
     172  100.000    0.629   5890.1    1065.
     173  100.000    0.629   6031.2    1270.
     174  100.000    0.627   6148.3    1477.
     175  100.000    0.625   6236.8    1698.
     176  100.000    0.620   6307.8    1930.
     177  100.000    0.615   6361.9    2170.
     178  100.000    0.609   6393.9    2424.
     179  100.000    0.603   6418.5    2675.
     180  100.000    0.596   6432.7    2930.
     181  100.000    0.588   6444.9    3187.
     182  100.000    0.581   6451.9    3449.
     183  100.000    0.573   6455.7    3704.
     184  100.000    0.565   6456.6    3963.
     185  100.000    0.557   6456.7    4224.
     186  100.000    0.532   6456.8    4449.
     187  100.000    0.508   6456.9    4462.
     188  100.000    0.486   6456.9    4472.
     189  100.000    0.465   6459.1    4484.
     190  100.000    0.445   6466.3    4500.
     191  100.000    0.426   6472.7    4515.
     192  100.000    0.407   6480.0    4531.
     193  100.000    0.390   6489.8    4548.
     194  100.000    0.373   6500.8    4566.
     195  100.000    0.350   6509.1    4582.
     196  100.000    0.311   6521.0    4604.
     197  100.000    0.256   6529.8    4629.
     198  100.000    0.187   6533.6    4656.
     199  100.000    0.106   6534.9    4686.
     200  100.000    0.013   6535.2    4721.
     201  100.000    0.000   6535.2    4760.
     202  100.000    0.000   6535.2    4766.
     203  100.000    0.000   6535.2    4766.
     204  100.000    0.000   6535.3    4766.
     205  100.000    0.000   6535.3    4766.
     206  100.000    0.000   6535.3    4766.
     207  100.000    0.000   6535.3    4766.
     208  100.000    0.000   6535.3    4766.
     209  100.000    0.000   6535.3    4766.
     210  100.000    0.000   6535.3    4766.
     130    0.000    0.000      0.0       0.
     131    0.000    0.000      0.0       0.
     132    0.028    0.022     32.9      21.
     133    0.028    0.018     32.9      26.
     134    0.028    0.019     32.9      30.
     135    0.028    0.022     32.9      33.
     136    0.028    0.026     32.9      36.
     137    0.028    0.027     32.9      41.
     138    0.028    0.028     32.9      47.
     139    0.028    0.030     32.9      55.
     140    0.028    0.032     32.9      58.
     141    0.028    0.032     32.9      58.
     142    0.028    0.033     32.9      61.
     143    0.028    0.034     32.9      65.
     144    0.028    0.028     32.9      73.
     145    0.028    0.022     32.9      80.
     146    0.028    0.022     32.9      85.
     147    0.028    0.023     32.9      92.
     148    0.028    0.024     32.9      99.
     149    0.028    0.025     32.9     106.
     150    0.028    0.025     32.9     113.
     151    0.028    0.026     32.9     120.
     152    0.028    0.027     32.9     128.
     153    0.028    0.029     32.9     135.
     154    0.028    0.030     32.9     143.
     155    0.028    0.032     32.9     151.
     156    0.028    0.034     32.9     161.
     157    0.028    0.036     32.9     170.
     158    0.028    0.038     32.9     177.
     159    0.028    0.040     32.9     187.
     160    0.028    0.043     32.9     197.
     161    0.028    0.045     32.9     210.
     162    0.028    0.047     32.9     220.
     163    0.028    0.048     32.9     227.
     164    0.028    0.050     32.9     238.
     165    0.028    0.052     32.9     250.
     166    0.028    0.053     32.9     262.
     167    0.028    0.055     32.9     274.
     168    0.028    0.056     32.9     290.
     169    0.035    0.073     42.4     303.
     170    0.048    0.097     58.3     316.
     171    0.060    0.119     73.8     341.
     172    0.075    0.146     93.8     361.
     173    0.117    0.270    153.9     362.
     174    0.181    0.409    259.2     363.
     175    0.254    0.564    409.8     369.
     176    0.325    0.691    604.7     376.
     177    0.383    0.806    839.4     385.
     178    0.424    0.954   1089.0     404.
     179    0.453    1.084   1363.1     427.
     180    0.471    1.204   1635.5     458.
     181    0.482    1.331   1924.1     500.
     182    0.487    1.438   2112.8     546.
     183    0.493    1.563   2428.0     613.
     184    0.495    1.646   2651.9     667.
     185    0.496    1.722   2825.6     727.
     186    0.497    1.786   2985.0     786.
     187    0.498    1.851   3142.7     855.
     188    0.498    1.912   3318.8     927.
     189    0.499    1.992   3564.2    1034.
     190    0.499    2.074   3759.2    1156.
     191    0.499    2.164   3964.4    1309.
     192    0.500    2.267   4142.4    1497.
     193    0.500    2.372   4445.7    1704.
     194    0.500    2.505   4724.1    1988.
     195    0.500    2.634   4993.8    2290.
     196    0.500    2.762   5250.0    2618.
     197    0.500    2.892   5479.9    2983.
     198    0.500    3.017   5700.3    3364.
     199    0.500    3.136   5908.6    3760.
     200    0.500    3.251   6107.6    4177.
     201    0.500    3.370   6278.6    4643.
     202    0.500    3.485   6436.1    5130.
     203    0.500    3.601   6570.9    5662.
     204    0.500    3.666   6633.5    5978.
     205    0.500    3.720   6701.3    6263.
     206    0.500    3.775   6756.3    6565.
     207    0.500    3.818   6801.0    6821.
     208    0.500    3.853   6837.9    7039.
     209    0.500    3.888   6876.6    7278.
     210    0.500    3.917   6908.5    7481.
     211    0.500    3.942   6937.0    7669.
     212    0.500    3.963   6961.1    7833.
     213    0.500    3.981   6982.7    7984.
     214    0.500    4.000   7005.0    8145.
     215    0.500    4.017   7026.4    8304.
     216    0.500    4.029   7041.2    8414.
     217    0.500    4.046   7064.0    8593.
     218    0.500    4.056   7076.9    8692.
     219    0.500    4.071   7097.5    8860.
     220    0.500    4.082   7112.8    8986.
     221    0.500    4.094   7129.2    9123.
     222    0.500    4.104   7143.9    9248.
     223    0.500    4.117   7161.8    9404.
     224    0.500    4.126   7175.9    9528.
     225    0.500    3.981   7176.6    9591.
     226    0.500    3.966   7177.3    9652.
     227    0.500    3.949   7177.8    9703.
     228    0.500    3.933   7178.8    9759.
     229    0.500    3.916   7179.4    9818.
     230    0.500    3.898   7182.7    9862.
     231    0.500    3.881   7184.1    9904.
     232    0.500    3.865   7183.8    9955.
     233    0.500    3.851   7183.6   10012.
     234    0.500    3.835   7183.1   10060.
     235    0.500    3.821   7181.7   10095.
     236    0.500    3.809   7180.0   10134.
     237    0.500    3.796   7178.4   10178.
     238    0.500    3.783   7177.0   10229.
     239    0.500    3.771   7175.8   10281.
     240    0.500    3.757   7174.5   10333.
     241    0.500    3.743   7172.8   10374.
     242    0.500    3.727   7172.9   10419.
     243    0.500    3.711   7175.2   10456.
     244    0.500    3.695   7177.6   10496.
     245    0.500    3.678   7176.2   10538.
     246    0.500    3.666   7177.3   10577.
     247    0.500    3.655   7181.3   10646.
     248    0.500    3.639   7049.5   11153.
     249    0.500    3.573   7181.3   11460.
     250    0.500    3.457   7181.3   11568.
     251    0.500    3.446   7181.3   11635.
     252    0.500    3.434   7181.3   11687.
     253    0.500    3.422   7181.3   11749.
     254    0.500    3.408   7181.3   11822.
     255    0.500    3.391   7181.3   11871.
     256    0.500    3.379   7177.3   11924.
     257    0.500    3.379   7142.6   12445.
     258    0.500    3.379   7009.0   12996.
     259    0.500    3.330   7179.8   13158.
     260    0.500    3.308   7181.3   13271.
     261    0.500    3.282   7181.3   13335.
     262    0.500    3.244   7181.3   13367.
     263    0.500    3.200   7181.3   13419.
     264    0.500    3.152   7181.3   13467.
     265    0.500    3.152   6896.6   14203.
     266    0.500    3.152   6660.2   14733.
     267    0.500    3.152   6436.9   15226.
     268    0.500    3.152   6317.3   15960.
     269    0.500    2.994   6314.8   16509.
     270    0.500    2.947   6233.6   17242.
     271    0.500    2.947   6148.3   17974.
     272    0.500    2.947   6074.0   18706.
     273    0.500    2.947   6063.1   19437.
     274    0.500    2.947   6052.2   20167.
     275    0.500    2.947   6041.4   20896.
     276    0.500    2.923   6077.6   21294.
     277    0.500    2.825   6116.9   21366.
     278    0.500    2.521   6206.1   21432.
     279    0.500    2.408   6282.2   21582.
     280    0.500    2.372   6377.7   21704.
     281    0.500    2.319   6470.1   21843.
     282    0.500    2.252   6467.8   21966.
     283    0.500    2.172   6464.4   22083.
     284    0.500    2.084   6454.6   22156.
     285    0.500    2.030   6478.2   22212.
      95    0.000    0.000      0.0       0.
      96    0.000    0.000      0.0       0.
      97    0.000    0.000      0.0       0.
      98    0.000    0.000      0.0       0.
      99    0.000    0.000      0.0       0.
     100    0.000    0.000      0.0       0.
     101    0.500    0.001      0.8       0.
     102    0.500    0.004      2.5       0.
     103    1.263    0.007      4.1       0.
     104    1.974    0.008      5.0       0.
     105    2.253    0.009      6.2       0.
     106    2.584    0.011      8.1       0.
     107    3.181    0.013     10.5       0.
     108    3.972    0.017     12.6       0.
     109    4.642    0.019     15.8       0.
     110    5.315    0.023     18.7       0.
     111    5.877    0.026     22.0       0.
     112    6.372    0.029     25.7       0.
     113    7.017    0.032     30.2       0.
     114    7.839    0.039     34.4       0.
     115    8.423    0.047     42.3       0.
     116    9.026    0.054     47.1       0.
     117    9.642    0.058     54.1       0.
     118   10.025    0.062     62.8       0.
     119   10.464    0.068     74.2       0.
     120   11.030    0.080     86.4       0.
     121   11.725    0.090    103.8       0.
     122   12.406    0.104    124.1       0.
     123   13.254    0.117    147.8       0.
     124   14.125    0.134    173.8       0.
     125   15.248    0.153    202.7       0.
     126   16.396    0.172    222.1       0.
     127   17.196    0.188    253.7       0.
     128   17.880    0.207    299.6       0.
     129   18.618    0.229    352.1       0.
     130   19.464    0.259    410.1       0.
     131   20.463    0.294    467.8       0.
     132   21.743    0.330    527.3       0.
     133   22.669    0.349    575.1       0.
     134   23.219    0.366    632.1       0.
     135   23.726    0.405    714.6       0.
     136   24.557    0.442    753.9       0.
     137   25.309    0.449    771.3       0.
     138   25.755    0.473    849.2       0.
     139   26.546    0.527    945.8       0.
     140   27.855    0.581   1063.2       0.
     141   29.208    0.643   1178.1       0.
     142   30.765    0.712   1318.7       0.
     143   32.494    0.785   1478.4       0.
     144   34.269    0.860   1648.1       0.
     145   36.102    0.915   1815.0       0.
     146   37.297    0.964   1903.2       0.
     147   38.408    1.024   2086.5       0.
     148   39.764    1.088   2266.5       0.
     149   41.329    1.157   2437.7       0.
     150   43.117    1.232   2595.4       0.
     151   45.088    1.299   2719.7       0.
     152   47.425    1.336   2806.1       0.
     153   49.212    1.386   2943.3       0.
     154   51.328    1.364   3054.3       0.
     155   54.400    1.341   3188.1       0.
     156   57.640    1.323   3333.6       0.
     157   60.265    1.302   3485.5       0.
     158   63.302    1.279   3638.3       0.
     159   66.882    1.259   3792.2       0.
     160   70.052    1.245   3865.6       0.
     161   72.263    1.234   4037.1       0.
     162   74.182    1.221   4139.3       0.
     163   76.000    1.215   4204.2       0.
     164   77.238    1.207   4358.2       0.
     165   78.729    1.198   4557.6       0.
     166   80.553    1.187   4745.5       0.
     167   82.849    1.175   4950.2       0.
     168   85.268    1.164   5187.1      28.
     169   87.534    1.153   5440.4     101.
     170   89.874    1.139   5690.6     243.
     171   92.716    1.124   5933.8     473.
     172   95.841    1.110   6149.9     755.
     173   98.690    1.097   6347.9    1046.
     174  100.000    1.093   6509.6    1344.
     175  100.000    1.086   6639.8    1655.
     176  100.000    1.078   6744.9    2003.
     177  100.000    1.068   6807.5    2376.
     178  100.000    1.057   6874.9    2728.
     179  100.000    1.045   6929.0    3056.
     180  100.000    1.032   6975.3    3329.
     181  100.000    1.019   7013.4    3640.
     182  100.000    1.006   7041.5    3983.
     183  100.000    0.992   7067.1    4376.
     184  100.000    0.948   7089.2    4453.
     185  100.000    0.906   7106.8    4488.
     186  100.000    0.866   7119.8    4517.
     187  100.000    0.828   7137.5    4550.
     188  100.000    0.791   7154.2    4581.
     189  100.000    0.756   7169.5    4610.
     190  100.000    0.722   7179.1    4633.
     191  100.000    0.691   7200.3    4667.
     192  100.000    0.660   7219.0    4698.
     193  100.000    0.630   7235.0    4726.
     194  100.000    0.602   7249.9    4752.
     195  100.000    0.575   7259.1    4772.
     196  100.000    0.550   7271.5    4794.
     197  100.000    0.506   7285.1    4818.
     198  100.000    0.435   7300.7    4850.
     199  100.000    0.340   7313.0    4889.
     200  100.000    0.223   7321.6    4934.
     201  100.000    0.084   7326.4    4983.
     202  100.000    0.000   7328.2    5038.
     203  100.000    0.000   7328.3    5070.
     204  100.000    0.000   7328.3    5070.
     205  100.000    0.000   7328.4    5070.
     206  100.000    0.000   7328.4    5070.
     207  100.000    0.000   7328.4    5070.
     208  100.000    0.000   7328.4    5070.
     209  100.000    0.000   7328.4    5070.
     210  100.000    0.000   7328.4    5070.
     211  100.000    0.000   7328.4    5070.
     212  100.000    0.000   7328.4    5070.
     213  100.000    0.000   7328.4    5070.
     214  100.000    0.000   7328.4    5070.
     215  100.000    0.000   7328.4    5070.
     216  100.000    0.000   7328.4    5070.
     217  100.000    0.000   7328.4    5070.
     218  100.000    0.000   7328.4    5070.
     219  100.000    0.000   7328.4    5070.
     220  100.000    0.000   7328.4    5070.
     221  100.000    0.000   7328.4    5070.
     222  100.000    0.000   7328.4    5070.
     223  100.000    0.000   7328.4    5070.
     224  100.000    0.000   7328.4    5070.
     225  100.000    0.000   7328.4    5070.
     226  100.000    0.000   7328.4    5070.
     227  100.000    0.000   7328.4    5070.
